260.10 	 0.9673
260.22 	 0.9719
260.34 	 0.972291
260.46 	 0.975432
260.58 	 0.977622
260.70 	 0.974555
260.83 	 0.9787
260.95 	 0.9801
261.07 	 0.9772
261.19 	 0.9805
261.31 	 0.9772
261.43 	 0.9709
261.55 	 0.97432
261.67 	 0.9742
261.79 	 0.9708
261.91 	 0.97214
262.03 	 0.972331
262.15 	 0.97512
262.27 	 0.982373
262.39 	 0.98473
262.51 	 0.9809
262.63 	 0.978084
262.75 	 0.978415
262.87 	 0.976
262.99 	 0.974
263.12 	 0.9754
263.24 	 0.967795
263.36 	 0.9654
263.48 	 0.982763
263.60 	 0.988
263.72 	 0.9781
263.84 	 0.9814
263.96 	 0.977972
264.08 	 0.9685
264.20 	 0.97462
264.32 	 0.9713
264.44 	 0.9621
264.56 	 0.9707
264.68 	 0.977651
264.80 	 0.9834
264.92 	 0.99033
265.04 	 0.9796
265.16 	 0.974289
265.28 	 0.97905
265.41 	 0.9725
265.53 	 0.97345
265.65 	 0.97024
265.77 	 0.9693
265.89 	 0.99769
266.01 	 0.98088
266.13 	 0.8951
266.25 	 0.90054
266.37 	 0.9778
266.49 	 0.99289
266.61 	 0.98029
266.73 	 0.976506
266.85 	 0.9618
266.97 	 0.966623
267.09 	 0.979223
267.21 	 0.969586
267.33 	 0.97453
267.45 	 0.98935
267.57 	 0.98104
267.70 	 0.97527
267.82 	 0.9793
267.94 	 0.979544
268.06 	 0.98017
268.18 	 0.98089
268.30 	 0.982032
268.42 	 0.9843
268.54 	 0.979
268.66 	 0.976389
268.78 	 0.9845
268.90 	 0.98894
269.02 	 0.98516
269.14 	 0.9831
269.26 	 0.985
269.38 	 0.9858
269.50 	 0.9814
269.62 	 0.9784
269.74 	 0.97925
269.87 	 0.9825
269.99 	 0.9849
270.11 	 0.98246
270.23 	 0.9779
270.35 	 0.9773
270.47 	 0.98444
270.59 	 0.9937
270.71 	 0.99258
270.83 	 0.9906
270.95 	 0.9965
271.07 	 0.988739
271.19 	 0.978429
271.31 	 0.991258
271.43 	 1.00318
271.55 	 1.0049
271.67 	 1.0064
271.79 	 1.0
271.91 	 1.001
272.03 	 1.01
272.16 	 1.0018
272.28 	 0.993927
272.40 	 0.99462
272.52 	 0.982737
272.64 	 0.97097
272.76 	 0.96886
272.88 	 0.964206
273.00 	 0.95658
273.12 	 0.947511
273.24 	 0.941978
273.36 	 0.936201
273.48 	 0.91953
273.60 	 0.898769
273.72 	 0.87948
273.84 	 0.8631
273.96 	 0.85321
274.08 	 0.8362
274.20 	 0.816126
274.32 	 0.8096
274.45 	 0.80448
274.57 	 0.79933
274.69 	 0.80736
274.81 	 0.822085
274.93 	 0.83596
275.05 	 0.8493
275.17 	 0.86622
275.29 	 0.89091
275.41 	 0.918085
275.53 	 0.93411
275.65 	 0.937109
275.77 	 0.95791
275.89 	 0.977797
276.01 	 0.9362
276.13 	 0.8852
276.25 	 0.94
276.37 	 0.98484
276.49 	 0.97304
276.61 	 0.96927
276.74 	 0.971681
276.86 	 0.962036
276.98 	 0.971524
277.10 	 0.9739
277.22 	 0.97579
277.34 	 0.98112
277.46 	 0.96367
277.58 	 0.9744
277.70 	 0.9777
277.82 	 0.95489
277.94 	 0.9772
278.06 	 0.945216
278.18 	 0.82955
278.30 	 0.8761
278.42 	 0.9504
278.54 	 0.910815
278.66 	 0.969422
278.78 	 1.00821
278.90 	 0.95649
279.03 	 0.956445
279.15 	 0.98105
279.27 	 0.9667
279.39 	 0.9858
279.51 	 0.98845
279.63 	 0.97116
279.75 	 0.97274
279.87 	 0.9504
279.99 	 0.9725
280.11 	 0.9866
280.23 	 0.876291
280.35 	 0.849397
280.47 	 0.9878
280.59 	 1.0121
280.71 	 0.9723
280.83 	 0.9872
280.95 	 0.9828
281.07 	 0.9355
281.19 	 0.983619
281.32 	 1.05018
281.44 	 1.007
281.56 	 0.954814
281.68 	 0.9596
281.80 	 0.9573
281.92 	 1.022
282.04 	 1.06684
282.16 	 0.899354
282.28 	 0.85308
282.40 	 0.983687
282.52 	 0.98809
282.64 	 0.98003
282.76 	 1.018
282.88 	 0.961534
283.00 	 0.945161
283.12 	 1.009
283.24 	 0.99199
283.36 	 0.98069
283.48 	 0.98501
283.61 	 0.941371
283.73 	 0.95057
283.85 	 0.965
283.97 	 0.950288
284.09 	 0.99953
284.21 	 1.01734
284.33 	 0.9779
284.45 	 0.9906
284.57 	 1.00477
284.69 	 0.986672
284.81 	 0.9786
284.93 	 0.97247
285.05 	 0.9806
285.17 	 0.989768
285.29 	 0.986
285.41 	 0.99957
285.53 	 0.98838
285.65 	 0.95571
285.77 	 0.96944
285.90 	 0.9832
286.02 	 0.979211
286.14 	 0.9875
286.26 	 0.98192
286.38 	 0.9811
286.50 	 0.9878
286.62 	 0.9768
286.74 	 0.988787
286.86 	 0.99609
286.98 	 0.9759
287.10 	 0.98784
287.22 	 0.994587
287.34 	 0.979286
287.46 	 0.991
287.58 	 0.99204
287.70 	 0.983716
287.82 	 0.9892
287.94 	 0.97478
288.06 	 0.98123
288.19 	 1.0095
288.31 	 0.99733
288.43 	 0.982335
288.55 	 0.97877
288.67 	 0.976184
288.79 	 0.9903
288.91 	 0.983521
289.03 	 0.977146
289.15 	 0.995783
289.27 	 0.94206
289.39 	 0.8526
289.51 	 0.921452
289.63 	 0.9956
289.75 	 0.97735
289.87 	 0.96293
289.99 	 0.99587
290.11 	 0.9977
290.23 	 0.97839
290.36 	 0.98267
290.48 	 0.97758
290.60 	 0.9558
290.72 	 0.954023
290.84 	 0.97288
290.96 	 0.99849
291.08 	 1.0157
291.20 	 1.0012
291.32 	 0.9857
291.44 	 0.985705
291.56 	 0.99325
291.68 	 1.018
291.80 	 1.0271
291.92 	 0.997351
292.04 	 0.9792
292.16 	 0.993086
292.28 	 1.011
292.40 	 1.008
292.52 	 0.99239
292.65 	 0.9998
292.77 	 1.0049
292.89 	 0.987706
293.01 	 0.983
293.13 	 0.979189
293.25 	 0.98522
293.37 	 1.023
293.49 	 1.02458
293.61 	 1.007
293.73 	 1.0132
293.85 	 0.9945
293.97 	 0.9881
294.09 	 1.00289
294.21 	 0.963248
294.33 	 0.9576
294.45 	 1.007
294.57 	 0.999873
294.69 	 0.9921
294.81 	 0.9968
294.94 	 0.96754
295.06 	 0.987233
295.18 	 1.026
295.30 	 1.0186
295.42 	 1.013
295.54 	 0.98476
295.66 	 0.9644
295.78 	 0.99689
295.90 	 0.9933
296.02 	 0.972438
296.14 	 0.98243
296.26 	 0.98564
296.38 	 1.00619
296.50 	 1.0033
296.62 	 0.96561
296.74 	 0.989879
296.86 	 0.9928
296.98 	 0.95134
297.10 	 0.9913
297.23 	 0.9892
297.35 	 0.92564
297.47 	 0.98299
297.59 	 1.04049
297.71 	 0.99907
297.83 	 0.9768
297.95 	 0.9665
298.07 	 0.967566
298.19 	 0.99501
298.31 	 0.9577
298.43 	 0.919418
298.55 	 0.9802
298.67 	 1.0063
298.79 	 0.957823
298.91 	 0.9319
299.03 	 0.96446
299.15 	 0.9936
299.27 	 0.990177
299.39 	 0.9797
299.52 	 0.982584
299.64 	 0.978779
299.76 	 0.97315
299.88 	 0.970611
300.00 	 0.97383
300.12 	 0.985771
300.24 	 0.98
300.36 	 0.962351
300.48 	 0.9782
300.60 	 1.0061
300.72 	 1.014
300.84 	 1.014
300.96 	 1.00052
301.08 	 0.981733
301.20 	 0.99628
301.32 	 1.0148
301.44 	 1.002
301.56 	 0.98884
301.68 	 0.97664
301.81 	 0.94025
301.93 	 0.97365
302.05 	 1.033
302.17 	 1.0117
302.29 	 1.0041
302.41 	 1.0375
302.53 	 1.02
302.65 	 1.03439
302.77 	 1.0641
302.89 	 0.9159
303.01 	 0.800315
303.13 	 0.97257
303.25 	 1.07231
303.37 	 1.0393
303.49 	 1.0062
303.61 	 1.0111
303.73 	 1.0295
303.85 	 1.04
303.97 	 1.0223
304.10 	 1.026
304.22 	 1.0453
304.34 	 1.02727
304.46 	 1.0077
304.58 	 0.9965
304.70 	 0.985563
304.82 	 0.98792
304.94 	 0.98425
305.06 	 0.9639
305.18 	 0.949144
305.30 	 0.9477
305.42 	 0.922625
305.54 	 0.873223
305.66 	 0.84389
305.78 	 0.842973
305.90 	 0.8272
306.02 	 0.824658
306.14 	 0.8366
306.26 	 0.843373
306.39 	 0.862708
306.51 	 0.8664
306.63 	 0.840766
306.75 	 0.85472
306.87 	 0.88624
306.99 	 0.8824
307.11 	 0.8792
307.23 	 0.8815
307.35 	 0.864584
307.47 	 0.853537
307.59 	 0.870083
307.71 	 0.892749
307.83 	 0.88855
307.95 	 0.88257
308.07 	 0.892066
308.19 	 0.885028
308.31 	 0.89368
308.43 	 0.928362
308.55 	 0.92883
308.68 	 0.92905
308.80 	 0.9575
308.92 	 0.962482
309.04 	 0.97334
309.16 	 0.99437
309.28 	 0.97573
309.40 	 0.96382
309.52 	 0.97942
309.64 	 0.96905
309.76 	 0.9659
309.88 	 0.98856
310.00 	 0.985936
310.12 	 0.9694
310.24 	 0.9789
310.36 	 0.99519
310.48 	 0.98726
310.60 	 0.971829
310.72 	 0.971819
310.84 	 0.958545
310.97 	 0.9475
311.09 	 0.972147
311.21 	 0.988
311.33 	 0.980277
311.45 	 0.98002
311.57 	 0.965
311.69 	 0.950156
311.81 	 0.96703
311.93 	 0.9667
312.05 	 0.954763
312.17 	 0.96803
312.29 	 0.964694
312.41 	 0.9443
312.53 	 0.94532
312.65 	 0.9435
312.77 	 0.930411
312.89 	 0.928762
313.01 	 0.9224
313.14 	 0.913777
313.26 	 0.9367
313.38 	 0.9643
313.50 	 0.944464
313.62 	 0.907623
313.74 	 0.9083
313.86 	 0.92487
313.98 	 0.93657
314.10 	 0.9498
314.22 	 0.94427
314.34 	 0.9365
314.46 	 0.94144
314.58 	 0.9378
314.70 	 0.940237
314.82 	 0.94124
314.94 	 0.89998
315.06 	 0.8635
315.18 	 0.870491
315.30 	 0.8755
315.43 	 0.87874
315.55 	 0.868261
315.67 	 0.83686
315.79 	 0.8068
315.91 	 0.79731
316.03 	 0.8255
316.15 	 0.866226
316.27 	 0.860158
316.39 	 0.84328
316.51 	 0.839444
316.63 	 0.793937
316.75 	 0.762116
316.87 	 0.8044
316.99 	 0.8217
317.11 	 0.801029
317.23 	 0.81585
317.35 	 0.819411
317.47 	 0.77447
317.59 	 0.764732
317.72 	 0.83289
317.84 	 0.890872
317.96 	 0.88746
318.08 	 0.89577
318.20 	 0.9566
318.32 	 0.978962
318.44 	 0.948069
318.56 	 0.965
318.68 	 1.0074
318.80 	 1.002
318.92 	 0.9913
319.04 	 0.997976
319.16 	 0.99093
319.28 	 0.9763
319.40 	 0.95861
319.52 	 0.952974
319.64 	 0.984544
319.76 	 1.004
319.88 	 0.9933
320.01 	 1.02221
320.13 	 1.0668
320.25 	 1.042
320.37 	 0.969319
320.49 	 0.94534
320.61 	 0.976061
320.73 	 0.9903
320.85 	 0.977117
320.97 	 0.96414
321.09 	 0.953821
321.21 	 0.96852
321.33 	 0.9969
321.45 	 0.985439
321.57 	 0.975481
321.69 	 0.982647
321.81 	 0.96342
321.93 	 0.98435
322.05 	 1.0211
322.17 	 0.9531
322.30 	 0.880963
322.42 	 0.9238
322.54 	 0.9604
322.66 	 0.958855
322.78 	 0.9567
322.90 	 0.9336
323.02 	 0.91235
323.14 	 0.922716
323.26 	 0.9512
323.38 	 0.943953
323.50 	 0.888136
323.62 	 0.926385
323.74 	 0.9897
323.86 	 0.90024
323.98 	 0.8935
324.10 	 0.976156
324.22 	 0.8958
324.34 	 0.7951
324.46 	 0.8772
324.59 	 0.904392
324.71 	 0.8497
324.83 	 0.8766
324.95 	 0.93102
325.07 	 0.94841
325.19 	 0.928675
325.31 	 0.89414
325.43 	 0.9245
325.55 	 0.9698
325.67 	 0.9672
325.79 	 0.97085
325.91 	 0.97391
326.03 	 0.9614
326.15 	 0.966805
326.27 	 0.95272
326.39 	 0.944655
326.51 	 0.9991
326.63 	 1.014
326.75 	 0.9773
326.88 	 0.99939
327.00 	 1.008
327.12 	 0.98491
327.24 	 1.0229
327.36 	 1.01507
327.48 	 0.89067
327.60 	 0.898575
327.72 	 1.04155
327.84 	 1.063
327.96 	 0.977579
328.08 	 0.9078
328.20 	 0.936444
328.32 	 1.0025
328.44 	 1.02145
328.56 	 0.997654
328.68 	 0.971015
328.80 	 0.95767
328.92 	 0.98901
329.04 	 1.00187
329.17 	 0.9353
329.29 	 0.912231
329.41 	 0.966
329.53 	 0.981568
329.65 	 0.98192
329.77 	 0.9672
329.89 	 0.91686
330.01 	 0.92993
330.13 	 0.98381
330.25 	 0.984412
330.37 	 0.975252
330.49 	 0.978681
330.61 	 0.97216
330.73 	 0.972
330.85 	 0.9648
330.97 	 0.9521
331.09 	 0.965811
331.21 	 0.98629
331.33 	 0.967
331.46 	 0.93015
331.58 	 0.952571
331.70 	 0.9933
331.82 	 0.97127
331.94 	 0.96486
332.06 	 1.00882
332.18 	 0.99847
332.30 	 0.9619
332.42 	 0.94781
332.54 	 0.9231
332.66 	 0.9317
332.78 	 0.96111
332.90 	 0.94458
333.02 	 0.94284
333.14 	 0.9714
333.26 	 0.96441
333.38 	 0.94894
333.50 	 0.964993
333.63 	 0.9795
333.75 	 0.9529
333.87 	 0.91769
333.99 	 0.93177
334.11 	 0.93105
334.23 	 0.8893
334.35 	 0.891654
334.47 	 0.886717
334.59 	 0.8241
334.71 	 0.82895
334.83 	 0.880421
334.95 	 0.87511
335.07 	 0.84567
335.19 	 0.8378
335.31 	 0.8491
335.43 	 0.843935
335.55 	 0.824602
335.67 	 0.842181
335.79 	 0.863976
335.92 	 0.85874
336.04 	 0.87425
336.16 	 0.863987
336.28 	 0.830393
336.40 	 0.843
336.52 	 0.84953
336.64 	 0.851128
336.76 	 0.87929
336.88 	 0.868204
337.00 	 0.8507
337.12 	 0.88622
337.24 	 0.9061
337.36 	 0.892378
337.48 	 0.8959
337.60 	 0.93361
337.72 	 0.9626
337.84 	 0.945287
337.96 	 0.93242
338.08 	 0.95
338.21 	 0.9608
338.33 	 0.979
338.45 	 0.986313
338.57 	 0.969349
338.69 	 0.98284
338.81 	 0.99682
338.93 	 0.9859
339.05 	 0.99425
339.17 	 0.987538
339.29 	 0.969518
339.41 	 0.98789
339.53 	 0.9913
339.65 	 0.97858
339.77 	 0.985893
339.89 	 0.98194
340.01 	 0.97027
340.13 	 0.9632
340.25 	 0.958
340.37 	 0.9774
340.50 	 0.989
340.62 	 0.9922
340.74 	 0.9961
340.86 	 0.971369
340.98 	 0.9635
341.10 	 0.9864
341.22 	 0.98382
341.34 	 0.977403
341.46 	 0.964133
341.58 	 0.9448
341.70 	 0.975081
341.82 	 0.9879
341.94 	 0.96964
342.06 	 0.98843
342.18 	 0.98983
342.30 	 0.984
342.42 	 1.0136
342.54 	 1.00574
342.66 	 0.990573
342.79 	 1.008
342.91 	 0.9945
343.03 	 0.9754
343.15 	 0.9709
343.27 	 0.9766
343.39 	 1.0135
343.51 	 1.0124
343.63 	 0.98109
343.75 	 1.005
343.87 	 1.024
343.99 	 1.00311
344.11 	 1.003
344.23 	 1.007
344.35 	 1.0064
344.47 	 1.0077
344.59 	 1.0091
344.71 	 1.0164
344.83 	 1.00376
344.95 	 0.98707
345.08 	 1.0001
345.20 	 0.995924
345.32 	 0.9832
345.44 	 0.9894
345.56 	 0.9898
345.68 	 1.0063
345.80 	 1.015
345.92 	 0.98206
346.04 	 0.981693
346.16 	 1.0024
346.28 	 0.989792
346.40 	 0.989682
346.52 	 0.999677
346.64 	 1.006
346.76 	 1.01603
346.88 	 0.99587
347.00 	 0.971099
347.12 	 0.979312
347.24 	 0.9927
347.37 	 1.002
347.49 	 0.97989
347.61 	 0.95067
347.73 	 0.9735
347.85 	 0.98328
347.97 	 0.96958
348.09 	 0.9907
348.21 	 1.00389
348.33 	 0.99419
348.45 	 0.9785
348.57 	 0.959311
348.69 	 0.980291
348.81 	 0.9941
348.93 	 0.96939
349.05 	 0.973082
349.17 	 0.96529
349.29 	 0.949186
349.41 	 0.9954
349.53 	 0.997122
349.66 	 0.916801
349.78 	 0.91148
349.90 	 0.964233
350.02 	 0.98
350.14 	 0.9753
350.26 	 0.96445
350.38 	 0.963
350.50 	 0.961445
350.62 	 0.958
350.74 	 0.9703
350.86 	 0.9737
350.98 	 0.9636
351.10 	 0.95945
351.22 	 0.951817
351.34 	 0.948815
351.46 	 0.9573
351.58 	 0.95857
351.70 	 0.942278
351.82 	 0.9168
351.95 	 0.91958
352.07 	 0.9451
352.19 	 0.9383
352.31 	 0.923875
352.43 	 0.92639
352.55 	 0.9172
352.67 	 0.94277
352.79 	 0.9882
352.91 	 0.966803
353.03 	 0.897337
353.15 	 0.85131
353.27 	 0.8615
353.39 	 0.9172
353.51 	 0.943094
353.63 	 0.918787
353.75 	 0.892835
353.87 	 0.89085
353.99 	 0.8906
354.12 	 0.8955
354.24 	 0.942881
354.36 	 0.97666
354.48 	 0.937884
354.60 	 0.918184
354.72 	 0.9412
354.84 	 0.9254
354.96 	 0.93875
355.08 	 0.977278
355.20 	 0.9642
355.32 	 0.95815
355.44 	 0.972501
355.56 	 0.96395
355.68 	 0.9671
355.80 	 0.95714
355.92 	 0.9476
356.04 	 0.96936
356.16 	 0.95112
356.28 	 0.9252
356.41 	 0.931982
356.53 	 0.907882
356.65 	 0.91255
356.77 	 0.9431
356.89 	 0.9261
357.01 	 0.93703
357.13 	 0.95134
357.25 	 0.91542
357.37 	 0.9397
357.49 	 0.96191
357.61 	 0.9454
357.73 	 0.9512
357.85 	 0.9268
357.97 	 0.910112
358.09 	 0.968914
358.21 	 0.979802
358.33 	 0.9506
358.45 	 0.94983
358.57 	 0.95111
358.70 	 0.9691
358.82 	 0.97425
358.94 	 0.9454
359.06 	 0.95137
359.18 	 0.961216
359.30 	 0.96815
359.42 	 0.98952
359.54 	 0.9695
359.66 	 0.958446
359.78 	 0.97315
359.90 	 0.95448
360.02 	 0.95809
360.14 	 0.9734
360.26 	 0.96638
360.38 	 0.99423
360.50 	 0.989417
360.62 	 0.941933
360.74 	 0.954986
360.86 	 0.96321
360.99 	 0.950198
361.11 	 0.9691
361.23 	 0.9708
361.35 	 0.97125
361.47 	 0.9829
361.59 	 0.97483
361.71 	 0.979716
361.83 	 0.974405
361.95 	 0.9609
362.07 	 0.97791
362.19 	 0.9791
362.31 	 0.9824
362.43 	 0.9982
362.55 	 0.9889
362.67 	 0.9958
362.79 	 1.00622
362.91 	 0.988277
363.03 	 0.985438
363.15 	 0.975402
363.28 	 0.9801
363.40 	 1.0092
363.52 	 0.982088
363.64 	 0.9737
363.76 	 1.0152
363.88 	 0.99744
364.00 	 0.9841
364.12 	 0.998681
364.24 	 0.98242
364.36 	 0.994234
364.48 	 0.9917
364.60 	 0.9703
364.72 	 0.99428
364.84 	 0.972433
364.96 	 0.9443
365.08 	 0.973647
365.20 	 0.946309
365.32 	 0.951523
365.44 	 1.004
365.57 	 0.977752
365.69 	 0.968235
365.81 	 0.99921
365.93 	 1.002
366.05 	 1.01277
366.17 	 1.00016
366.29 	 0.99723
366.41 	 1.02812
366.53 	 1.0028
366.65 	 0.969263
366.77 	 0.9548
366.89 	 0.936036
367.01 	 0.9888
367.13 	 0.99307
367.25 	 0.9267
367.37 	 0.96615
367.49 	 0.97841
367.61 	 0.9347
367.73 	 0.9799
367.86 	 0.9775
367.98 	 0.96557
368.10 	 1.01819
368.22 	 0.9794
368.34 	 0.94841
368.46 	 0.99706
368.58 	 0.978618
368.70 	 0.9594
368.82 	 0.953787
368.94 	 0.942565
369.06 	 0.983316
369.18 	 0.9765
369.30 	 0.96181
369.42 	 0.9846
369.54 	 0.9547
369.66 	 0.97013
369.78 	 0.989111
369.90 	 0.90531
370.02 	 0.91466
370.15 	 0.961873
370.27 	 0.9189
370.39 	 0.94
370.51 	 0.9409
370.63 	 0.906
370.75 	 0.95048
370.87 	 0.92838
370.99 	 0.9143
371.11 	 0.97418
371.23 	 0.942627
371.35 	 0.923624
371.47 	 0.92546
371.59 	 0.871
371.71 	 0.93061
371.83 	 0.98172
371.95 	 0.939
372.07 	 0.95392
372.19 	 0.94652
372.31 	 0.9176
372.44 	 0.94402
372.56 	 0.9238
372.68 	 0.92587
372.80 	 0.951256
372.92 	 0.9015
373.04 	 0.908963
373.16 	 0.927493
373.28 	 0.88575
373.40 	 0.9268
373.52 	 0.95734
373.64 	 0.95041
373.76 	 0.952911
373.88 	 0.90328
374.00 	 0.929345
374.12 	 1.00528
374.24 	 0.9817
374.36 	 0.9545
374.48 	 0.93299
374.60 	 0.946824
374.73 	 1.0013
374.85 	 0.94782
374.97 	 0.923063
375.09 	 0.986979
375.21 	 0.9138
375.33 	 0.9092
375.45 	 0.990348
375.57 	 0.94173
375.69 	 0.969564
375.81 	 0.9923
375.93 	 0.93909
376.05 	 0.9853
376.17 	 0.95327
376.29 	 0.9132
376.41 	 1.0097
376.53 	 0.9562
376.65 	 0.93968
376.77 	 1.0424
376.90 	 0.9684
377.02 	 0.94865
377.14 	 0.9789
377.26 	 0.88162
377.38 	 0.9559
377.50 	 0.99492
377.62 	 0.92515
377.74 	 0.991997
377.86 	 0.94953
377.98 	 0.888587
378.10 	 0.988105
378.22 	 0.9178
378.34 	 0.90467
378.46 	 0.9943
378.58 	 0.879
378.70 	 0.89598
378.82 	 0.98503
378.94 	 0.93101
379.06 	 0.96733
379.19 	 0.9507
379.31 	 0.91974
379.43 	 0.97032
379.55 	 0.887239
379.67 	 0.94277
379.79 	 0.96118
379.91 	 0.7288
380.03 	 0.902152
380.15 	 1.01512
380.27 	 0.894554
380.39 	 1.09276
380.51 	 1.042
380.63 	 0.8365
380.75 	 1.121
380.87 	 1.12
380.99 	 0.96296
381.11 	 1.124
381.23 	 1.05894
381.35 	 1.0148
381.48 	 1.079
381.60 	 0.8501
381.72 	 0.7246
381.84 	 0.618617
381.96 	 0.787759
382.08 	 1.199
382.20 	 0.8567
382.32 	 0.246827
382.44 	 0.9234
382.56 	 0.80186
382.68 	 0.7484
382.80 	 1.0827
382.92 	 0.8934
383.04 	 1.117
383.16 	 1.4436
383.28 	 0.931
383.40 	 0.437596
383.52 	 0.7367
383.64 	 0.274101
383.77 	 0.61943
383.89 	 0.9811
384.01 	 0.54777
384.13 	 0.8998
384.25 	 1.2869
384.37 	 0.752991
384.49 	 0.53986
384.61 	 1.192
384.73 	 1.2193
384.85 	 0.7602
384.97 	 0.166045
385.09 	 0.891301
385.21 	 1.31295
385.33 	 0.9909
385.45 	 0.559
385.57 	 0.930836
385.69 	 0.854598
385.81 	 0.77321
385.93 	 1.0096
386.06 	 0.8966
386.18 	 0.845652
386.30 	 0.93037
386.42 	 0.83493
386.54 	 0.889
386.66 	 0.90515
386.78 	 0.8209
386.90 	 0.83208
387.02 	 0.80083
387.14 	 1.00663
387.26 	 1.22018
387.38 	 1.086
387.50 	 0.93677
387.62 	 0.9503
387.74 	 0.9288
387.86 	 0.9708
387.98 	 0.920939
388.10 	 0.8389
388.22 	 0.919555
388.35 	 0.881845
388.47 	 0.8457
388.59 	 0.9429
388.71 	 0.88385
388.83 	 0.864556
388.95 	 0.94267
389.07 	 0.868469
389.19 	 0.892659
389.31 	 0.9676
389.43 	 0.90454
389.55 	 0.92094
389.67 	 0.9043
389.79 	 0.820635
389.91 	 0.90105
390.03 	 0.9254
390.15 	 0.888
390.27 	 0.9146
390.39 	 0.8764
390.51 	 0.8966
390.64 	 0.9578
390.76 	 0.91386
390.88 	 0.92171
391.00 	 0.9216
391.12 	 0.8847
391.24 	 0.95808
391.36 	 0.9485
391.48 	 0.889089
391.60 	 0.958499
391.72 	 0.97008
391.84 	 0.9342
391.96 	 0.923612
392.08 	 0.90595
392.20 	 0.970265
392.32 	 0.984
392.44 	 0.90444
392.56 	 0.92162
392.68 	 0.9388
392.80 	 0.9373
392.93 	 0.9747
393.05 	 0.93638
393.17 	 0.9265
393.29 	 0.956632
393.41 	 0.931612
393.53 	 0.99116
393.65 	 1.007
393.77 	 0.926269
393.89 	 0.9733
394.01 	 0.987766
394.13 	 0.90009
394.25 	 0.9544
394.37 	 0.9956
394.49 	 0.97146
394.61 	 0.972167
394.73 	 0.93937
394.85 	 0.94098
394.97 	 0.96311
395.09 	 0.9366
395.22 	 0.953314
395.34 	 0.9539
395.46 	 0.95389
395.58 	 1.007
395.70 	 0.972549
395.82 	 0.9307
395.94 	 0.97697
396.06 	 0.96254
396.18 	 0.9534
396.30 	 0.966484
396.42 	 0.94074
396.54 	 0.986423
396.66 	 1.0026
396.78 	 0.951466
396.90 	 0.97078
397.02 	 0.9856
397.14 	 0.9705
397.26 	 0.9704
397.39 	 0.9593
397.51 	 0.994399
397.63 	 0.996
397.75 	 0.944818
397.87 	 0.985132
397.99 	 0.9893
398.11 	 0.9279
398.23 	 0.9732
398.35 	 1.0
398.47 	 0.9725
398.59 	 1.0101
398.71 	 1.00214
398.83 	 0.953507
398.95 	 0.94726
399.07 	 0.94952
399.19 	 0.988472
399.31 	 1.001
399.43 	 0.956716
399.55 	 0.95878
399.68 	 0.951151
399.80 	 0.9228
399.92 	 0.953177
400.04 	 0.9666
400.16 	 0.97332
400.28 	 0.99186
400.40 	 0.958193
400.52 	 0.963771
400.64 	 1.02568
400.76 	 1.03961
400.88 	 1.005
401.00 	 0.9732
401.12 	 0.99163
401.24 	 1.002
401.36 	 0.9599
401.48 	 0.99163
401.60 	 1.04115
401.72 	 1.002
401.84 	 0.980492
401.97 	 0.9697
402.09 	 0.9533
402.21 	 1.0069
402.33 	 1.004
402.45 	 0.9513
402.57 	 0.98505
402.69 	 1.0055
402.81 	 0.988479
402.93 	 1.0087
403.05 	 1.003
403.17 	 0.987788
403.29 	 0.9918
403.41 	 0.98573
403.53 	 1.004
403.65 	 1.0095
403.77 	 0.9839
403.89 	 0.986057
404.01 	 0.987715
404.13 	 0.995485
404.26 	 1.00743
404.38 	 0.974057
404.50 	 0.9679
404.62 	 0.976562
404.74 	 0.9309
404.86 	 0.937738
404.98 	 0.980304
405.10 	 0.967781
405.22 	 0.96073
405.34 	 0.96335
405.46 	 0.9565
405.58 	 0.960235
405.70 	 0.95628
405.82 	 0.9657
405.94 	 0.9841
406.06 	 0.978723
406.18 	 0.9885
406.30 	 0.9881
406.42 	 0.9618
406.55 	 0.96891
406.67 	 0.97434
406.79 	 0.957
406.91 	 0.957457
407.03 	 0.957518
407.15 	 0.964589
407.27 	 0.9731
407.39 	 0.96036
407.51 	 0.9636
407.63 	 0.9721
407.75 	 0.96141
407.87 	 0.966609
407.99 	 0.9697
408.11 	 0.9699
408.23 	 0.97007
408.35 	 0.9578
408.47 	 0.9775
408.59 	 0.99881
408.71 	 0.96863
408.84 	 0.94631
408.96 	 0.945836
409.08 	 0.946
409.20 	 0.9757
409.32 	 0.9851
409.44 	 0.965
409.56 	 0.96374
409.68 	 0.9704
409.80 	 0.97888
409.92 	 0.97677
410.04 	 0.9648
410.16 	 0.97977
410.28 	 0.98131
410.40 	 0.9674
410.52 	 0.979563
410.64 	 0.9664
410.76 	 0.95424
410.88 	 0.980311
411.00 	 0.978118
411.13 	 0.97908
411.25 	 0.998512
411.37 	 0.99146
411.49 	 0.989103
411.61 	 0.9888
411.73 	 0.97912
411.85 	 0.9785
411.97 	 0.948677
412.09 	 0.95088
412.21 	 0.99057
412.33 	 0.962504
412.45 	 0.9528
412.57 	 0.97494
412.69 	 0.93158
412.81 	 0.9525
412.93 	 1.03073
413.05 	 1.019
413.17 	 0.98773
413.29 	 0.98025
413.42 	 0.97555
413.54 	 1.0077
413.66 	 0.9918
413.78 	 0.94099
413.90 	 0.94962
414.02 	 0.956383
414.14 	 0.9589
414.26 	 0.968397
414.38 	 0.93458
414.50 	 0.94555
414.62 	 0.99312
414.74 	 0.987226
414.86 	 0.979914
414.98 	 0.98045
415.10 	 0.96591
415.22 	 0.9767
415.34 	 0.978311
415.46 	 0.9603
415.58 	 0.945972
415.71 	 0.9359
415.83 	 0.96779
415.95 	 0.99543
416.07 	 0.983904
416.19 	 0.9951
416.31 	 0.994101
416.43 	 0.9654
416.55 	 0.9609
416.67 	 0.955141
416.79 	 0.960003
416.91 	 0.9755
417.03 	 0.952
417.15 	 0.962
417.27 	 0.990347
417.39 	 0.97265
417.51 	 0.974757
417.63 	 0.9828
417.75 	 0.95627
417.87 	 0.95379
418.00 	 0.94712
418.12 	 0.93977
418.24 	 0.950928
418.36 	 0.937
418.48 	 0.9358
418.60 	 0.963344
418.72 	 0.96432
418.84 	 0.981599
418.96 	 0.9691
419.08 	 0.92231
419.20 	 0.95298
419.32 	 0.96404
419.44 	 0.923927
419.56 	 0.950357
419.68 	 0.958098
419.80 	 0.89728
419.92 	 0.9258
420.04 	 1.0077
420.17 	 1.0194
420.29 	 0.9785
420.41 	 0.96308
420.53 	 0.9901
420.65 	 0.97178
420.77 	 0.93054
420.89 	 0.94365
421.01 	 0.9458
421.13 	 0.93397
421.25 	 0.9528
421.37 	 0.945667
421.49 	 0.942813
421.61 	 0.973296
421.73 	 0.972893
421.85 	 0.9574
421.97 	 0.948234
422.09 	 0.942637
422.21 	 0.96878
422.33 	 0.970944
422.46 	 0.9414
422.58 	 0.9546
422.70 	 0.97157
422.82 	 0.95348
422.94 	 0.93545
423.06 	 0.9377
423.18 	 0.967138
423.30 	 0.98167
423.42 	 0.9521
423.54 	 0.93633
423.66 	 0.93653
423.78 	 0.93161
423.90 	 0.945751
424.02 	 0.9586
424.14 	 0.95229
424.26 	 0.95123
424.38 	 0.953973
424.50 	 0.96
424.62 	 0.96511
424.75 	 0.962108
424.87 	 0.9632
424.99 	 0.96803
425.11 	 0.96498
425.23 	 0.9527
425.35 	 0.94708
425.47 	 0.9708
425.59 	 0.977351
425.71 	 0.951
425.83 	 0.95742
425.95 	 0.974167
426.07 	 0.96212
426.19 	 0.9668
426.31 	 0.9792
426.43 	 0.9702
426.55 	 0.9698
426.67 	 0.97272
426.79 	 0.965123
426.91 	 0.963477
427.04 	 0.974
427.16 	 0.983095
427.28 	 0.9707
427.40 	 0.97459
427.52 	 1.00518
427.64 	 1.005
427.76 	 0.985132
427.88 	 0.9746
428.00 	 0.950019
428.12 	 0.958754
428.24 	 0.996224
428.36 	 0.992935
428.48 	 0.97803
428.60 	 0.9663
428.72 	 0.9374
428.84 	 0.93507
428.96 	 0.9548
429.08 	 0.959
429.20 	 0.9631
429.33 	 0.96542
429.45 	 0.97728
429.57 	 0.9877
429.69 	 0.977172
429.81 	 0.97717
429.93 	 0.9836
430.05 	 0.9765
430.17 	 0.97663
430.29 	 0.968944
430.41 	 0.961317
430.53 	 0.979484
430.65 	 0.981615
430.77 	 0.9857
430.89 	 1.01
431.01 	 1.0021
431.13 	 0.9881
431.25 	 0.991
431.37 	 0.9826
431.49 	 0.98247
431.62 	 0.975083
431.74 	 0.95015
431.86 	 0.9611
431.98 	 0.9979
432.10 	 1.00806
432.22 	 0.991087
432.34 	 0.9785
432.46 	 0.98824
432.58 	 0.9859
432.70 	 0.9697
432.82 	 0.9783
432.94 	 0.98145
433.06 	 0.97327
433.18 	 0.968267
433.30 	 0.9658
433.42 	 0.98866
433.54 	 0.99376
433.66 	 0.9651
433.78 	 0.991123
433.91 	 1.011
434.03 	 0.975349
434.15 	 0.9791
434.27 	 0.981148
434.39 	 0.947905
434.51 	 0.955
434.63 	 0.9541
434.75 	 0.95882
434.87 	 0.99269
434.99 	 0.97928
435.11 	 0.95821
435.23 	 0.96214
435.35 	 0.931866
435.47 	 0.92064
435.59 	 0.935758
435.71 	 0.947403
435.83 	 0.96376
435.95 	 0.93287
436.07 	 0.9243
436.20 	 0.9968
436.32 	 1.0027
436.44 	 0.97453
436.56 	 0.993627
436.68 	 0.95962
436.80 	 0.93952
436.92 	 0.980466
437.04 	 0.9768
437.16 	 0.964407
437.28 	 0.971178
437.40 	 0.9603
437.52 	 0.948353
437.64 	 0.922
437.76 	 0.92592
437.88 	 0.986711
438.00 	 0.991935
438.12 	 0.9677
438.24 	 0.95951
438.36 	 0.938879
438.49 	 0.96264
438.61 	 1.001
438.73 	 0.9838
438.85 	 0.967359
438.97 	 0.962118
439.09 	 0.96001
439.21 	 0.9797
439.33 	 0.9701
439.45 	 0.9544
439.57 	 0.95789
439.69 	 0.94281
439.81 	 0.9601
439.93 	 0.98904
