260.10 	 0.99208
260.22 	 0.9975
260.34 	 1.001
260.46 	 0.9989
260.58 	 0.9791
260.70 	 0.964286
260.83 	 0.97243
260.95 	 0.969012
261.07 	 0.9726
261.19 	 0.995109
261.31 	 0.987855
261.43 	 0.9711
261.55 	 0.978464
261.67 	 0.9896
261.79 	 1.01445
261.91 	 1.03412
262.03 	 1.0111
262.15 	 0.9883
262.27 	 0.99017
262.39 	 0.9802
262.51 	 0.96163
262.63 	 0.95741
262.75 	 0.9645
262.87 	 0.965926
262.99 	 0.9587
263.12 	 0.9681
263.24 	 0.979535
263.36 	 0.96543
263.48 	 0.9565
263.60 	 0.95848
263.72 	 0.954888
263.84 	 0.97749
263.96 	 1.0024
264.08 	 0.991
264.20 	 0.9715
264.32 	 0.966719
264.44 	 0.9837
264.56 	 0.9971
264.68 	 0.97493
264.80 	 0.9754
264.92 	 1.00183
265.04 	 0.97872
265.16 	 0.95537
265.28 	 0.9636
265.41 	 0.955148
265.53 	 0.9689
265.65 	 0.97893
265.77 	 0.96129
265.89 	 0.990273
266.01 	 0.97655
266.13 	 0.86715
266.25 	 0.891642
266.37 	 0.992983
266.49 	 0.99103
266.61 	 0.9824
266.73 	 0.990361
266.85 	 0.96664
266.97 	 0.9776
267.09 	 0.983616
267.21 	 0.9607
267.33 	 0.99081
267.45 	 1.0062
267.57 	 0.96232
267.70 	 0.9571
267.82 	 0.973337
267.94 	 0.964004
268.06 	 0.964616
268.18 	 0.96819
268.30 	 0.96732
268.42 	 0.9866
268.54 	 1.0002
268.66 	 0.983081
268.78 	 0.9623
268.90 	 0.9626
269.02 	 0.96671
269.14 	 0.9618
269.26 	 0.96492
269.38 	 0.974458
269.50 	 0.97056
269.62 	 0.9517
269.74 	 0.924
269.87 	 0.915059
269.99 	 0.9279
270.11 	 0.9256
270.23 	 0.91395
270.35 	 0.91072
270.47 	 0.903291
270.59 	 0.899428
270.71 	 0.897819
270.83 	 0.881688
270.95 	 0.86389
271.07 	 0.8568
271.19 	 0.8661
271.31 	 0.8819
271.43 	 0.88052
271.55 	 0.867546
271.67 	 0.841984
271.79 	 0.81986
271.91 	 0.838454
272.03 	 0.85005
272.16 	 0.84405
272.28 	 0.8618
272.40 	 0.854867
272.52 	 0.8565
272.64 	 0.93279
272.76 	 0.981839
272.88 	 0.9936
273.00 	 1.028
273.12 	 1.017
273.24 	 0.966856
273.36 	 0.9748
273.48 	 1.0105
273.60 	 1.0322
273.72 	 1.04571
273.84 	 1.0428
273.96 	 1.044
274.08 	 1.0477
274.20 	 1.025
274.32 	 1.001
274.45 	 0.999851
274.57 	 0.99887
274.69 	 1.00192
274.81 	 1.0195
274.93 	 1.014
275.05 	 0.985909
275.17 	 0.9812
275.29 	 0.9914
275.41 	 1.0053
275.53 	 1.0163
275.65 	 0.985597
275.77 	 0.967
275.89 	 0.99442
276.01 	 0.969
276.13 	 0.9233
276.25 	 0.97499
276.37 	 0.98756
276.49 	 0.9604
276.61 	 0.975945
276.74 	 0.97489
276.86 	 0.974
276.98 	 1.0231
277.10 	 1.024
277.22 	 1.0011
277.34 	 1.0005
277.46 	 0.966418
277.58 	 0.959892
277.70 	 0.972123
277.82 	 0.96164
277.94 	 0.9775
278.06 	 0.92911
278.18 	 0.81432
278.30 	 0.86538
278.42 	 0.93293
278.54 	 0.921077
278.66 	 0.990438
278.78 	 1.01193
278.90 	 0.98091
279.03 	 0.981
279.15 	 0.9631
279.27 	 0.97602
279.39 	 1.026
279.51 	 0.984351
279.63 	 0.961472
279.75 	 1.0027
279.87 	 0.9692
279.99 	 0.9629
280.11 	 0.979178
280.23 	 0.88686
280.35 	 0.86836
280.47 	 1.00021
280.59 	 1.025
280.71 	 0.957
280.83 	 0.954294
280.95 	 1.02831
281.07 	 1.0278
281.19 	 0.988
281.32 	 0.989619
281.44 	 0.96144
281.56 	 0.9526
281.68 	 1.011
281.80 	 0.9866
281.92 	 0.97351
282.04 	 1.0449
282.16 	 0.9389
282.28 	 0.853918
282.40 	 0.9603
282.52 	 0.9722
282.64 	 0.93443
282.76 	 0.987681
282.88 	 0.98917
283.00 	 0.958385
283.12 	 1.0015
283.24 	 1.026
283.36 	 1.00876
283.48 	 0.98533
283.61 	 0.987028
283.73 	 1.03
283.85 	 1.0295
283.97 	 0.9827
284.09 	 0.981348
284.21 	 1.00354
284.33 	 1.0025
284.45 	 0.98286
284.57 	 0.974717
284.69 	 1.012
284.81 	 1.03323
284.93 	 1.0024
285.05 	 0.9772
285.17 	 0.99
285.29 	 1.03193
285.41 	 1.046
285.53 	 0.9971
285.65 	 0.98215
285.77 	 1.0001
285.90 	 0.96134
286.02 	 0.9675
286.14 	 1.0207
286.26 	 0.998538
286.38 	 0.98127
286.50 	 1.00166
286.62 	 0.971654
286.74 	 0.97189
286.86 	 1.02687
286.98 	 1.03574
287.10 	 1.01381
287.22 	 0.984069
287.34 	 0.947971
287.46 	 0.9566
287.58 	 0.98004
287.70 	 0.9608
287.82 	 0.94376
287.94 	 0.97383
288.06 	 0.997963
288.19 	 0.978981
288.31 	 0.970956
288.43 	 0.983804
288.55 	 0.97038
288.67 	 0.979864
288.79 	 1.0054
288.91 	 0.9862
289.03 	 0.9972
289.15 	 1.03
289.27 	 0.9547
289.39 	 0.8412
289.51 	 0.8982
289.63 	 0.9893
289.75 	 0.99977
289.87 	 0.9703
289.99 	 0.980094
290.11 	 1.002
290.23 	 0.99984
290.36 	 1.0029
290.48 	 0.9983
290.60 	 0.9516
290.72 	 0.935637
290.84 	 0.9867
290.96 	 1.0023
291.08 	 0.97831
291.20 	 0.99259
291.32 	 1.0144
291.44 	 0.993766
291.56 	 0.993
291.68 	 1.0084
291.80 	 0.979045
291.92 	 0.970781
292.04 	 1.00617
292.16 	 0.9973
292.28 	 0.968641
292.40 	 0.968746
292.52 	 0.97034
292.65 	 0.987663
292.77 	 1.00404
292.89 	 0.9721
293.01 	 0.9389
293.13 	 0.95752
293.25 	 0.9846
293.37 	 0.9792
293.49 	 0.96186
293.61 	 0.97176
293.73 	 0.97599
293.85 	 0.952595
293.97 	 0.96278
294.09 	 0.998683
294.21 	 0.994955
294.33 	 0.95924
294.45 	 0.944612
294.57 	 0.98877
294.69 	 1.021
294.81 	 0.970411
294.94 	 0.94947
295.06 	 0.9834
295.18 	 0.94577
295.30 	 0.92427
295.42 	 0.99816
295.54 	 1.01632
295.66 	 0.967404
295.78 	 0.9483
295.90 	 0.964862
296.02 	 0.976804
296.14 	 0.9637
296.26 	 0.95959
296.38 	 0.9576
296.50 	 0.92835
296.62 	 0.967902
296.74 	 1.046
296.86 	 1.032
296.98 	 0.9832
297.10 	 0.962797
297.23 	 0.9606
297.35 	 1.005
297.47 	 0.9827
297.59 	 0.886
297.71 	 0.914104
297.83 	 0.958653
297.95 	 0.8975
298.07 	 0.9288
298.19 	 0.98273
298.31 	 0.90528
298.43 	 0.8789
298.55 	 0.9794
298.67 	 1.02519
298.79 	 1.0046
298.91 	 0.97515
299.03 	 0.9252
299.15 	 0.8779
299.27 	 0.8961
299.39 	 0.8916
299.52 	 0.8553
299.64 	 0.91343
299.76 	 0.9421
299.88 	 0.8998
300.00 	 1.021
300.12 	 1.10204
300.24 	 0.8896
300.36 	 0.74604
300.48 	 0.95802
300.60 	 1.08211
300.72 	 1.02549
300.84 	 0.90251
300.96 	 0.847874
301.08 	 0.9296
301.20 	 0.964464
301.32 	 0.9218
301.44 	 0.95768
301.56 	 0.99776
301.68 	 0.931794
301.81 	 0.8313
301.93 	 0.86412
302.05 	 0.9567
302.17 	 0.900167
302.29 	 0.8157
302.41 	 0.9504
302.53 	 1.0529
302.65 	 1.00032
302.77 	 1.00339
302.89 	 0.99877
303.01 	 0.833084
303.13 	 0.681711
303.25 	 0.61711
303.37 	 0.706128
303.49 	 0.88687
303.61 	 0.9269
303.73 	 0.8221
303.85 	 0.780158
303.97 	 0.8204
304.10 	 0.8933
304.22 	 0.956427
304.34 	 0.904961
304.46 	 0.82803
304.58 	 0.8575
304.70 	 0.886841
304.82 	 0.85264
304.94 	 0.841848
305.06 	 0.88369
305.18 	 0.91293
305.30 	 0.8987
305.42 	 0.859153
305.54 	 0.8416
305.66 	 0.84423
305.78 	 0.840911
305.90 	 0.83034
306.02 	 0.834948
306.14 	 0.833591
306.26 	 0.84812
306.39 	 0.901542
306.51 	 0.939618
306.63 	 0.94787
306.75 	 0.9642
306.87 	 0.9796
306.99 	 0.99887
307.11 	 1.021
307.23 	 1.01
307.35 	 0.986781
307.47 	 0.972386
307.59 	 0.96294
307.71 	 0.9853
307.83 	 1.00263
307.95 	 0.9866
308.07 	 0.99157
308.19 	 1.014
308.31 	 1.008
308.43 	 0.981799
308.55 	 0.9752
308.68 	 1.0
308.80 	 1.00479
308.92 	 0.984539
309.04 	 1.0074
309.16 	 1.02012
309.28 	 0.9834
309.40 	 0.98897
309.52 	 1.0163
309.64 	 0.99812
309.76 	 0.98754
309.88 	 0.9969
310.00 	 1.01052
310.12 	 1.0284
310.24 	 1.00981
310.36 	 0.9863
310.48 	 0.992637
310.60 	 0.97692
310.72 	 0.97388
310.84 	 1.005
310.97 	 1.005
311.09 	 0.986
311.21 	 0.99157
311.33 	 0.9985
311.45 	 0.998858
311.57 	 0.99001
311.69 	 0.983719
311.81 	 0.9963
311.93 	 1.002
312.05 	 1.00678
312.17 	 1.01029
312.29 	 0.985
312.41 	 0.968411
312.53 	 0.98527
312.65 	 1.00028
312.77 	 1.00427
312.89 	 0.989269
313.01 	 0.973
313.14 	 0.9862
313.26 	 0.98908
313.38 	 0.98541
313.50 	 1.004
313.62 	 1.008
313.74 	 1.005
313.86 	 1.007
313.98 	 0.9913
314.10 	 0.9894
314.22 	 1.00705
314.34 	 1.02211
314.46 	 1.02634
314.58 	 0.99208
314.70 	 0.968889
314.82 	 0.997
314.94 	 0.9853
315.06 	 0.96493
315.18 	 0.997484
315.30 	 0.99141
315.43 	 0.986186
315.55 	 1.00276
315.67 	 0.96903
315.79 	 0.977129
315.91 	 1.0621
316.03 	 1.05424
316.15 	 0.95381
316.27 	 0.889236
316.39 	 0.893933
316.51 	 0.925383
316.63 	 0.94317
316.75 	 0.9791
316.87 	 1.035
316.99 	 1.024
317.11 	 1.0045
317.23 	 1.056
317.35 	 1.05381
317.47 	 1.00546
317.59 	 1.037
317.72 	 1.058
317.84 	 1.0116
317.96 	 1.005
318.08 	 1.0218
318.20 	 1.015
318.32 	 1.056
318.44 	 1.09503
318.56 	 1.0348
318.68 	 0.95479
318.80 	 0.97673
318.92 	 1.009
319.04 	 0.99635
319.16 	 1.032
319.28 	 1.083
319.40 	 1.0516
319.52 	 1.01099
319.64 	 1.042
319.76 	 1.05825
319.88 	 1.028
320.01 	 1.02393
320.13 	 1.04
320.25 	 1.026
320.37 	 0.9977
320.49 	 1.001
320.61 	 1.015
320.73 	 0.9945
320.85 	 0.96579
320.97 	 0.98106
321.09 	 1.013
321.21 	 1.01885
321.33 	 1.01663
321.45 	 1.01136
321.57 	 0.9965
321.69 	 0.9932
321.81 	 1.0034
321.93 	 1.00092
322.05 	 0.99813
322.17 	 1.012
322.30 	 1.017
322.42 	 1.00924
322.54 	 1.0068
322.66 	 1.0026
322.78 	 0.996541
322.90 	 0.99897
323.02 	 0.9999
323.14 	 1.01944
323.26 	 1.067
323.38 	 1.062
323.50 	 0.9772
323.62 	 0.9442
323.74 	 0.98596
323.86 	 0.96901
323.98 	 0.9507
324.10 	 0.9729
324.22 	 0.98552
324.34 	 1.003
324.46 	 1.02743
324.59 	 0.994925
324.71 	 0.96652
324.83 	 0.998
324.95 	 0.995422
325.07 	 0.96772
325.19 	 0.9833
325.31 	 0.991648
325.43 	 0.9952
325.55 	 1.01891
325.67 	 1.0085
325.79 	 0.98293
325.91 	 0.99002
326.03 	 0.9945
326.15 	 1.00254
326.27 	 1.038
326.39 	 1.0449
326.51 	 1.0045
326.63 	 0.968708
326.75 	 0.980606
326.88 	 1.01
327.00 	 0.98747
327.12 	 0.97724
327.24 	 1.035
327.36 	 1.03
327.48 	 0.91606
327.60 	 0.9027
327.72 	 0.998822
327.84 	 1.017
327.96 	 0.9877
328.08 	 0.968332
328.20 	 0.9849
328.32 	 1.0121
328.44 	 1.0
328.56 	 0.965083
328.68 	 0.9802
328.80 	 0.99829
328.92 	 0.9689
329.04 	 0.95045
329.17 	 0.96552
329.29 	 0.9803
329.41 	 0.9855
329.53 	 0.9843
329.65 	 0.991476
329.77 	 0.98642
329.89 	 0.9549
330.01 	 0.944
330.13 	 0.95874
330.25 	 0.977475
330.37 	 1.0135
330.49 	 1.019
330.61 	 0.969864
330.73 	 0.9555
330.85 	 0.99226
330.97 	 1.0127
331.09 	 1.0076
331.21 	 0.9843
331.33 	 0.96368
331.46 	 0.97997
331.58 	 0.9961
331.70 	 0.98421
331.82 	 0.97749
331.94 	 0.98032
332.06 	 0.981586
332.18 	 0.982203
332.30 	 0.9794
332.42 	 0.98523
332.54 	 0.993
332.66 	 0.9679
332.78 	 0.941243
332.90 	 0.96013
333.02 	 0.979149
333.14 	 0.956691
333.26 	 0.927379
333.38 	 0.9331
333.50 	 0.95718
333.63 	 0.951
333.75 	 0.91991
333.87 	 0.91539
333.99 	 0.915756
334.11 	 0.8827
334.23 	 0.885047
334.35 	 0.94139
334.47 	 0.950387
334.59 	 0.9061
334.71 	 0.921942
334.83 	 0.978766
334.95 	 0.962
335.07 	 0.8888
335.19 	 0.888254
335.31 	 0.951
335.43 	 0.9722
335.55 	 0.95855
335.67 	 0.9269
335.79 	 0.89574
335.92 	 0.9234
336.04 	 0.9601
336.16 	 0.937
336.28 	 0.9333
336.40 	 0.946
336.52 	 0.9026
336.64 	 0.8756
336.76 	 0.8826
336.88 	 0.8671
337.00 	 0.8586
337.12 	 0.8306
337.24 	 0.80565
337.36 	 0.8617
337.48 	 0.858527
337.60 	 0.7681
337.72 	 0.77739
337.84 	 0.82
337.96 	 0.807145
338.08 	 0.8262
338.21 	 0.82376
338.33 	 0.778362
338.45 	 0.7786
338.57 	 0.77744
338.69 	 0.772834
338.81 	 0.810128
338.93 	 0.814098
339.05 	 0.795
339.17 	 0.8148
339.29 	 0.856788
339.41 	 0.903048
339.53 	 0.90023
339.65 	 0.85916
339.77 	 0.887703
339.89 	 0.91746
340.01 	 0.869359
340.13 	 0.87284
340.25 	 0.94983
340.37 	 0.960085
340.50 	 0.8951
340.62 	 0.87141
340.74 	 0.899601
340.86 	 0.8946
340.98 	 0.87657
341.10 	 0.8972
341.22 	 0.889
341.34 	 0.84741
341.46 	 0.8504
341.58 	 0.865376
341.70 	 0.892119
341.82 	 0.950028
341.94 	 0.9577
342.06 	 0.9351
342.18 	 0.95427
342.30 	 0.9649
342.42 	 0.964829
342.54 	 0.972383
342.66 	 0.95413
342.79 	 0.96188
342.91 	 0.995373
343.03 	 0.96911
343.15 	 0.9331
343.27 	 0.95928
343.39 	 0.978599
343.51 	 0.97944
343.63 	 0.9938
343.75 	 0.99169
343.87 	 0.96723
343.99 	 0.9557
344.11 	 0.9678
344.23 	 0.9855
344.35 	 0.9918
344.47 	 0.979523
344.59 	 0.960877
344.71 	 0.954846
344.83 	 0.9564
344.95 	 0.95666
345.08 	 0.96843
345.20 	 0.97899
345.32 	 0.977123
345.44 	 0.99026
345.56 	 1.0065
345.68 	 0.9832
345.80 	 0.952309
345.92 	 0.9655
346.04 	 0.98429
346.16 	 0.9634
346.28 	 0.943
346.40 	 0.968724
346.52 	 0.99719
346.64 	 0.9868
346.76 	 0.95814
346.88 	 0.94061
347.00 	 0.946
347.12 	 0.968259
347.24 	 0.983299
347.37 	 0.973327
347.49 	 0.93573
347.61 	 0.928391
347.73 	 0.988354
347.85 	 1.014
347.97 	 0.9712
348.09 	 0.9571
348.21 	 0.96811
348.33 	 0.9542
348.45 	 0.9539
348.57 	 0.9633
348.69 	 0.9729
348.81 	 0.994801
348.93 	 0.990064
349.05 	 0.96726
349.17 	 0.960204
349.29 	 0.9564
349.41 	 0.9648
349.53 	 0.9566
349.66 	 0.8936
349.78 	 0.887085
349.90 	 0.94776
350.02 	 0.9621
350.14 	 0.95001
350.26 	 0.939855
350.38 	 0.931028
350.50 	 0.9433
350.62 	 0.9528
350.74 	 0.956008
350.86 	 0.981151
350.98 	 0.9792
351.10 	 0.93732
351.22 	 0.92337
351.34 	 0.9352
351.46 	 0.935042
351.58 	 0.91201
351.70 	 0.8672
351.82 	 0.847745
351.95 	 0.869795
352.07 	 0.8973
352.19 	 0.89728
352.31 	 0.85428
352.43 	 0.828743
352.55 	 0.84557
352.67 	 0.84258
352.79 	 0.82831
352.91 	 0.829
353.03 	 0.81715
353.15 	 0.82223
353.27 	 0.85094
353.39 	 0.847919
353.51 	 0.80029
353.63 	 0.748
353.75 	 0.76362
353.87 	 0.833312
353.99 	 0.8436
354.12 	 0.8586
354.24 	 0.9599
354.36 	 0.997615
354.48 	 0.9348
354.60 	 0.9129
354.72 	 0.94266
354.84 	 0.95974
354.96 	 0.98982
355.08 	 1.02019
355.20 	 1.0181
355.32 	 0.98744
355.44 	 0.96771
355.56 	 0.9596
355.68 	 0.9276
355.80 	 0.92696
355.92 	 0.9843
356.04 	 0.9949
356.16 	 1.002
356.28 	 1.05234
356.41 	 1.0503
356.53 	 1.098
356.65 	 1.19943
356.77 	 1.06893
356.89 	 0.81289
357.01 	 0.90363
357.13 	 1.011
357.25 	 0.86187
357.37 	 0.735
357.49 	 0.655
357.61 	 0.640314
357.73 	 0.85463
357.85 	 0.9606
357.97 	 0.898706
358.09 	 0.951629
358.21 	 1.03382
358.33 	 1.033
358.45 	 1.037
358.57 	 0.956156
358.70 	 0.8682
358.82 	 0.993411
358.94 	 1.06074
359.06 	 0.96723
359.18 	 0.9454
359.30 	 0.9669
359.42 	 0.8869
359.54 	 0.89133
359.66 	 1.039
359.78 	 1.086
359.90 	 0.9814
360.02 	 0.883657
360.14 	 0.89324
360.26 	 0.9701
360.38 	 1.047
360.50 	 1.017
360.62 	 0.8989
360.74 	 0.8761
360.86 	 0.9285
360.99 	 0.944948
361.11 	 0.937664
361.23 	 0.8753
361.35 	 0.8419
361.47 	 0.9406
361.59 	 0.97539
361.71 	 0.927258
361.83 	 0.96594
361.95 	 0.982785
362.07 	 0.91356
362.19 	 0.90679
362.31 	 0.935077
362.43 	 0.9374
362.55 	 0.986845
362.67 	 1.0375
362.79 	 1.012
362.91 	 0.96767
363.03 	 0.97303
363.15 	 0.977292
363.28 	 0.956311
363.40 	 0.971
363.52 	 1.0101
363.64 	 1.0123
363.76 	 0.98371
363.88 	 0.946336
364.00 	 0.935278
364.12 	 0.967372
364.24 	 0.99311
364.36 	 1.0135
364.48 	 1.01928
364.60 	 0.96957
364.72 	 0.93874
364.84 	 0.9594
364.96 	 0.94386
365.08 	 0.944641
365.20 	 0.9903
365.32 	 1.01403
365.44 	 1.0399
365.57 	 1.05221
365.69 	 1.0187
365.81 	 0.99729
365.93 	 0.9841
366.05 	 0.95792
366.17 	 0.9445
366.29 	 0.9407
366.41 	 0.9682
366.53 	 1.0066
366.65 	 0.9794
366.77 	 0.93484
366.89 	 0.9573
367.01 	 1.003
367.13 	 0.997334
367.25 	 0.941272
367.37 	 0.935867
367.49 	 0.992386
367.61 	 0.99768
367.73 	 0.9869
367.86 	 1.004
367.98 	 0.98268
368.10 	 0.9667
368.22 	 0.990756
368.34 	 0.9858
368.46 	 0.974799
368.58 	 0.9845
368.70 	 0.99348
368.82 	 1.00121
368.94 	 0.987492
369.06 	 0.9771
369.18 	 0.9768
369.30 	 0.9524
369.42 	 0.9537
369.54 	 0.9832
369.66 	 1.001
369.78 	 1.0268
369.90 	 0.99918
370.02 	 0.9383
370.15 	 0.9792
370.27 	 1.0236
370.39 	 1.01
370.51 	 1.0243
370.63 	 1.009
370.75 	 0.974954
370.87 	 0.995998
370.99 	 0.9923
371.11 	 0.98279
371.23 	 1.0128
371.35 	 1.025
371.47 	 1.04
371.59 	 1.0396
371.71 	 0.9979
371.83 	 0.999653
371.95 	 1.02
372.07 	 1.014
372.19 	 1.012
372.31 	 1.0079
372.44 	 1.032
372.56 	 1.06248
372.68 	 1.0323
372.80 	 1.007
372.92 	 1.007
373.04 	 0.982572
373.16 	 1.0
373.28 	 1.023
373.40 	 1.0043
373.52 	 1.009
373.64 	 1.004
373.76 	 1.00761
373.88 	 1.034
374.00 	 0.9933
374.12 	 0.97402
374.24 	 1.008
374.36 	 0.96108
374.48 	 0.93015
374.60 	 1.01019
374.73 	 1.03135
374.85 	 0.9925
374.97 	 0.9676
375.09 	 0.975884
375.21 	 0.993098
375.33 	 0.977003
375.45 	 0.9759
375.57 	 1.0031
375.69 	 0.992056
375.81 	 1.01375
375.93 	 1.07177
376.05 	 1.036
376.17 	 0.963485
376.29 	 0.977078
376.41 	 0.9936
376.53 	 0.96348
376.65 	 0.95973
376.77 	 0.9955
376.90 	 1.012
377.02 	 1.013
377.14 	 1.039
377.26 	 1.039
377.38 	 1.009
377.50 	 1.01719
377.62 	 1.025
377.74 	 0.9945
377.86 	 0.99451
377.98 	 1.02478
378.10 	 1.02703
378.22 	 0.9861
378.34 	 0.95087
378.46 	 0.9663
378.58 	 0.979321
378.70 	 0.99236
378.82 	 0.99636
378.94 	 0.936836
379.06 	 0.9473
379.19 	 1.06
379.31 	 1.065
379.43 	 1.002
379.55 	 1.00899
379.67 	 1.027
379.79 	 1.049
379.91 	 1.0667
380.03 	 1.05096
380.15 	 1.0121
380.27 	 0.954
380.39 	 0.971427
380.51 	 1.0398
380.63 	 1.0247
380.75 	 1.0355
380.87 	 1.04
380.99 	 0.93993
381.11 	 0.952231
381.23 	 0.9622
381.35 	 0.8247
381.48 	 0.8504
381.60 	 0.8877
381.72 	 0.802839
381.84 	 0.92187
381.96 	 0.9878
382.08 	 1.0042
382.20 	 1.23701
382.32 	 1.2486
382.44 	 0.93263
382.56 	 0.938696
382.68 	 1.15307
382.80 	 0.9764
382.92 	 0.4214
383.04 	 0.521434
383.16 	 0.916395
383.28 	 0.78762
383.40 	 0.590792
383.52 	 0.901551
383.64 	 0.929119
383.77 	 0.547793
383.89 	 0.351346
384.01 	 0.316
384.13 	 0.1835
384.25 	 0.6995
384.37 	 0.997916
384.49 	 1.04734
384.61 	 1.048
384.73 	 0.977114
384.85 	 0.8957
384.97 	 0.7718
385.09 	 0.5994
385.21 	 0.732
385.33 	 0.809
385.45 	 0.644535
385.57 	 0.7539
385.69 	 0.907571
385.81 	 0.85929
385.93 	 0.937858
386.06 	 0.945787
386.18 	 0.8086
386.30 	 0.8674
386.42 	 0.9093
386.54 	 0.861132
386.66 	 0.9078
386.78 	 0.8724
386.90 	 0.8515
387.02 	 0.956142
387.14 	 0.9672
387.26 	 0.944119
387.38 	 0.9905
387.50 	 0.99671
387.62 	 0.980664
387.74 	 0.974682
387.86 	 0.981559
387.98 	 1.00634
388.10 	 0.99045
388.22 	 0.9616
388.35 	 0.953097
388.47 	 0.94789
388.59 	 0.9762
388.71 	 0.981116
388.83 	 0.944835
388.95 	 0.9674
389.07 	 0.966111
389.19 	 0.925773
389.31 	 0.983879
389.43 	 1.02842
389.55 	 1.00074
389.67 	 1.00549
389.79 	 1.00795
389.91 	 0.98168
390.03 	 0.9673
390.15 	 0.96074
390.27 	 0.984808
390.39 	 1.004
390.51 	 0.9891
390.64 	 0.99308
390.76 	 0.9945
390.88 	 0.979971
391.00 	 0.962546
391.12 	 0.9439
391.24 	 0.9931
391.36 	 1.023
391.48 	 0.96314
391.60 	 0.9916
391.72 	 1.0453
391.84 	 0.9833
391.96 	 0.96872
392.08 	 1.00325
392.20 	 0.980965
392.32 	 1.0063
392.44 	 1.01373
392.56 	 0.9447
392.68 	 0.955447
392.80 	 1.0057
392.93 	 0.98525
393.05 	 0.9635
393.17 	 0.97065
393.29 	 0.9728
393.41 	 0.9719
393.53 	 0.990347
393.65 	 1.008
393.77 	 0.9986
393.89 	 1.002
394.01 	 0.99679
394.13 	 0.9351
394.25 	 0.95884
394.37 	 1.0226
394.49 	 0.9948
394.61 	 0.9906
394.73 	 1.024
394.85 	 0.981272
394.97 	 0.9595
395.09 	 1.003
395.22 	 1.001
395.34 	 0.990635
395.46 	 1.0168
395.58 	 1.0318
395.70 	 1.007
395.82 	 0.97486
395.94 	 0.9923
396.06 	 1.014
396.18 	 0.987417
396.30 	 0.954759
396.42 	 0.93786
396.54 	 0.9554
396.66 	 0.99728
396.78 	 1.008
396.90 	 1.01489
397.02 	 1.02024
397.14 	 0.9656
397.26 	 0.927586
397.39 	 0.98914
397.51 	 1.02611
397.63 	 0.969674
397.75 	 0.92043
397.87 	 0.965743
397.99 	 1.016
398.11 	 0.99667
398.23 	 0.9914
398.35 	 1.0117
398.47 	 0.995968
398.59 	 1.00457
398.71 	 0.9994
398.83 	 0.91399
398.95 	 0.8859
399.07 	 0.9486
399.19 	 0.97599
399.31 	 0.97059
399.43 	 0.9817
399.55 	 1.0048
399.68 	 0.98732
399.80 	 0.942056
399.92 	 0.9639
400.04 	 0.998552
400.16 	 0.95261
400.28 	 0.910802
400.40 	 0.9385
400.52 	 0.98462
400.64 	 1.00703
400.76 	 0.99265
400.88 	 0.9755
401.00 	 0.962
401.12 	 0.9421
401.24 	 0.952252
401.36 	 0.956131
401.48 	 0.92653
401.60 	 0.93153
401.72 	 0.945699
401.84 	 0.9213
401.97 	 0.9178
402.09 	 0.9454
402.21 	 0.9492
402.33 	 0.9022
402.45 	 0.8767
402.57 	 0.9396
402.69 	 0.974
402.81 	 0.93412
402.93 	 0.9309
403.05 	 0.9329
403.17 	 0.907673
403.29 	 0.922
403.41 	 0.907469
403.53 	 0.874258
403.65 	 0.90902
403.77 	 0.9166
403.89 	 0.8973
404.01 	 0.9294
404.13 	 0.93189
404.26 	 0.8908
404.38 	 0.8863
404.50 	 0.9011
404.62 	 0.89945
404.74 	 0.900112
404.86 	 0.92548
404.98 	 0.935593
405.10 	 0.899815
405.22 	 0.8986
405.34 	 0.9319
405.46 	 0.92353
405.58 	 0.9107
405.70 	 0.90162
405.82 	 0.89041
405.94 	 0.9354
406.06 	 0.9473
406.18 	 0.8877
406.30 	 0.88678
406.42 	 0.916611
406.55 	 0.91254
406.67 	 0.926826
406.79 	 0.92852
406.91 	 0.9144
407.03 	 0.9155
407.15 	 0.889889
407.27 	 0.85257
407.39 	 0.8543
407.51 	 0.89527
407.63 	 0.9404
407.75 	 0.914662
407.87 	 0.879976
407.99 	 0.92266
408.11 	 0.9322
408.23 	 0.902363
408.35 	 0.912997
408.47 	 0.906354
408.59 	 0.907414
408.71 	 0.945
408.84 	 0.940337
408.96 	 0.9385
409.08 	 0.94111
409.20 	 0.87371
409.32 	 0.8438
409.44 	 0.89235
409.56 	 0.903285
409.68 	 0.9041
409.80 	 0.89973
409.92 	 0.86614
410.04 	 0.8673
410.16 	 0.8764
410.28 	 0.8618
410.40 	 0.8679
410.52 	 0.86479
410.64 	 0.89164
410.76 	 0.9718
410.88 	 0.9522
411.00 	 0.8644
411.13 	 0.89216
411.25 	 0.903967
411.37 	 0.807846
411.49 	 0.81034
411.61 	 0.89628
411.73 	 0.89093
411.85 	 0.87381
411.97 	 0.8753
412.09 	 0.81641
412.21 	 0.8147
412.33 	 0.882214
412.45 	 0.851886
412.57 	 0.77824
412.69 	 0.76155
412.81 	 0.73122
412.93 	 0.70811
413.05 	 0.736885
413.17 	 0.73784
413.29 	 0.732677
413.42 	 0.75702
413.54 	 0.74597
413.66 	 0.7172
413.78 	 0.7359
413.90 	 0.7549
414.02 	 0.737301
414.14 	 0.7209
414.26 	 0.717507
414.38 	 0.6999
414.50 	 0.67808
414.62 	 0.67475
414.74 	 0.7036
414.86 	 0.72614
414.98 	 0.67085
415.10 	 0.615
415.22 	 0.7069
415.34 	 0.782469
415.46 	 0.7321
415.58 	 0.69386
415.71 	 0.70231
415.83 	 0.67859
415.95 	 0.7246
416.07 	 0.82667
416.19 	 0.850695
416.31 	 0.825697
416.43 	 0.8367
416.55 	 0.85393
416.67 	 0.8448
416.79 	 0.8632
416.91 	 0.90471
417.03 	 0.8929
417.15 	 0.89146
417.27 	 0.9294
417.39 	 0.884951
417.51 	 0.811552
417.63 	 0.85437
417.75 	 0.90634
417.87 	 0.9229
418.00 	 0.93476
418.12 	 0.957
418.24 	 1.0387
418.36 	 1.00857
418.48 	 0.74249
418.60 	 0.7344
418.72 	 0.956313
418.84 	 0.890365
418.96 	 0.786666
419.08 	 0.91015
419.20 	 0.93476
419.32 	 0.885307
419.44 	 0.86916
419.56 	 0.79184
419.68 	 0.773022
419.80 	 0.742425
419.92 	 0.64974
420.04 	 0.7874
420.17 	 0.845725
420.29 	 0.67554
420.41 	 0.7601
420.53 	 0.9165
420.65 	 0.838218
420.77 	 0.8462
420.89 	 0.9443
421.01 	 0.8783
421.13 	 0.79752
421.25 	 0.84757
421.37 	 0.91827
421.49 	 0.921544
421.61 	 0.8628
421.73 	 0.91605
421.85 	 0.99536
421.97 	 0.88002
422.09 	 0.77939
422.21 	 0.86672
422.33 	 0.878
422.46 	 0.86731
422.58 	 0.925841
422.70 	 0.92014
422.82 	 0.922268
422.94 	 0.988658
423.06 	 0.996092
423.18 	 0.937509
423.30 	 0.86378
423.42 	 0.806757
423.54 	 0.80689
423.66 	 0.89635
423.78 	 1.03554
423.90 	 1.022
424.02 	 0.830521
424.14 	 0.834035
424.26 	 0.97597
424.38 	 0.9252
424.50 	 0.87856
424.62 	 0.93479
424.75 	 0.891355
424.87 	 0.8791
424.99 	 0.929
425.11 	 0.8704
425.23 	 0.86525
425.35 	 0.94248
425.47 	 0.888382
425.59 	 0.842509
425.71 	 0.956783
425.83 	 0.99662
425.95 	 0.897939
426.07 	 0.8184
426.19 	 0.80565
426.31 	 0.841576
426.43 	 0.934371
426.55 	 0.95886
426.67 	 0.89364
426.79 	 0.9073
426.91 	 0.967048
427.04 	 0.972343
427.16 	 0.983014
427.28 	 0.9454
427.40 	 0.8936
427.52 	 0.9731
427.64 	 1.0019
427.76 	 0.925
427.88 	 0.9324
428.00 	 0.924781
428.12 	 0.8715
428.24 	 0.93667
428.36 	 0.9753
428.48 	 0.943147
428.60 	 0.972
428.72 	 0.992
428.84 	 0.995669
428.96 	 1.03
429.08 	 1.01
429.20 	 0.9298
429.33 	 0.8642
429.45 	 0.9115
429.57 	 1.006
429.69 	 0.9607
429.81 	 0.87836
429.93 	 0.940542
430.05 	 0.962528
430.17 	 0.9369
430.29 	 0.9612
430.41 	 0.9186
430.53 	 0.8796
430.65 	 0.9376
430.77 	 0.969999
430.89 	 0.997889
431.01 	 1.021
431.13 	 0.99154
431.25 	 0.9897
431.37 	 0.9945
431.49 	 0.9649
431.62 	 0.9552
431.74 	 0.956612
431.86 	 0.98467
431.98 	 0.995664
432.10 	 0.893032
432.22 	 0.832238
432.34 	 0.9353
432.46 	 1.007
432.58 	 0.9816
432.70 	 0.91488
432.82 	 0.9038
432.94 	 0.9708
433.06 	 0.989349
433.18 	 0.94872
433.30 	 0.95085
433.42 	 0.98344
433.54 	 0.991
433.66 	 0.9451
433.78 	 0.9203
433.91 	 1.002
434.03 	 1.0644
434.15 	 1.0314
434.27 	 0.95426
434.39 	 0.939686
434.51 	 1.087
434.63 	 1.1736
434.75 	 1.05628
434.87 	 0.990135
434.99 	 1.048
435.11 	 0.992985
435.23 	 0.95
435.35 	 1.03104
435.47 	 1.1146
435.59 	 1.16
435.71 	 1.11
435.83 	 0.9904
435.95 	 0.972969
436.07 	 1.02481
436.20 	 1.0048
436.32 	 0.87992
436.44 	 0.81114
436.56 	 0.95925
436.68 	 1.0874
436.80 	 1.072
436.92 	 1.00514
437.04 	 0.9426
437.16 	 0.95445
437.28 	 0.958094
437.40 	 0.85743
437.52 	 0.91161
437.64 	 1.008
437.76 	 0.89828
437.88 	 0.905214
438.00 	 0.9894
438.12 	 0.90669
438.24 	 0.9669
438.36 	 1.0673
438.49 	 0.9711
438.61 	 0.94661
438.73 	 0.9702
438.85 	 0.91899
438.97 	 0.981456
439.09 	 1.0024
439.21 	 0.947507
439.33 	 0.97081
439.45 	 0.9085
439.57 	 0.91026
439.69 	 1.127
439.81 	 1.15617
439.93 	 0.983304
