260.10 	 0.977483
260.22 	 0.973664
260.34 	 0.9773
260.46 	 0.97531
260.58 	 0.96946
260.70 	 0.9692
260.83 	 0.96823
260.95 	 0.96865
261.07 	 0.9742
261.19 	 0.9772
261.31 	 0.97644
261.43 	 0.9717
261.55 	 0.964427
261.67 	 0.968787
261.79 	 0.98211
261.91 	 0.98318
262.03 	 0.9787
262.15 	 0.9795
262.27 	 0.97254
262.39 	 0.9693
262.51 	 0.98
262.63 	 0.9768
262.75 	 0.9642
262.87 	 0.971204
262.99 	 0.98147
263.12 	 0.979832
263.24 	 0.97556
263.36 	 0.9712
263.48 	 0.9711
263.60 	 0.974119
263.72 	 0.9741
263.84 	 0.9806
263.96 	 0.9822
264.08 	 0.9752
264.20 	 0.974897
264.32 	 0.972926
264.44 	 0.9735
264.56 	 0.981592
264.68 	 0.97618
264.80 	 0.974458
264.92 	 0.9831
265.04 	 0.9748
265.16 	 0.9777
265.28 	 0.991214
265.41 	 0.9796
265.53 	 0.98034
265.65 	 0.9903
265.77 	 0.989
265.89 	 1.00441
266.01 	 0.9852
266.13 	 0.90426
266.25 	 0.906893
266.37 	 0.977676
266.49 	 0.9978
266.61 	 0.995695
266.73 	 0.99537
266.85 	 0.986058
266.97 	 0.98728
267.09 	 0.982979
267.21 	 0.9772
267.33 	 0.99013
267.45 	 0.9856
267.57 	 0.9714
267.70 	 0.98005
267.82 	 0.978783
267.94 	 0.97374
268.06 	 0.98482
268.18 	 0.9896
268.30 	 0.99072
268.42 	 0.99526
268.54 	 0.990225
268.66 	 0.98156
268.78 	 0.97178
268.90 	 0.9682
269.02 	 0.9806
269.14 	 0.9878
269.26 	 0.98486
269.38 	 0.9897
269.50 	 0.992747
269.62 	 0.9892
269.74 	 0.98793
269.87 	 0.99301
269.99 	 0.9975
270.11 	 0.98959
270.23 	 0.9803
270.35 	 0.987738
270.47 	 0.99621
270.59 	 0.991473
270.71 	 0.98566
270.83 	 0.988958
270.95 	 0.99406
271.07 	 0.9893
271.19 	 0.9838
271.31 	 0.98291
271.43 	 0.97611
271.55 	 0.975657
271.67 	 0.980513
271.79 	 0.96794
271.91 	 0.961288
272.03 	 0.9746
272.16 	 0.974226
272.28 	 0.9584
272.40 	 0.94905
272.52 	 0.94853
272.64 	 0.948959
272.76 	 0.9405
272.88 	 0.92787
273.00 	 0.9174
273.12 	 0.9001
273.24 	 0.8849
273.36 	 0.874494
273.48 	 0.848
273.60 	 0.819554
273.72 	 0.81529
273.84 	 0.814128
273.96 	 0.811
274.08 	 0.8258
274.20 	 0.842
274.32 	 0.8491
274.45 	 0.86917
274.57 	 0.89746
274.69 	 0.92558
274.81 	 0.95809
274.93 	 0.973985
275.05 	 0.97693
275.17 	 0.983815
275.29 	 0.973033
275.41 	 0.96756
275.53 	 0.986659
275.65 	 0.982185
275.77 	 0.98602
275.89 	 1.0062
276.01 	 0.96095
276.13 	 0.91423
276.25 	 0.979178
276.37 	 1.00662
276.49 	 0.980358
276.61 	 0.98378
276.74 	 0.9921
276.86 	 0.98475
276.98 	 0.9863
277.10 	 0.98
277.22 	 0.98798
277.34 	 0.98748
277.46 	 0.9652
277.58 	 0.99321
277.70 	 0.99477
277.82 	 0.95956
277.94 	 0.98498
278.06 	 0.94683
278.18 	 0.8254
278.30 	 0.8862
278.42 	 0.96032
278.54 	 0.9137
278.66 	 0.9681
278.78 	 1.00793
278.90 	 0.97169
279.03 	 0.9785
279.15 	 0.990323
279.27 	 0.960868
279.39 	 0.9647
279.51 	 0.9609
279.63 	 0.959849
279.75 	 0.9887
279.87 	 0.977107
279.99 	 0.98227
280.11 	 0.99119
280.23 	 0.896106
280.35 	 0.8476
280.47 	 0.960828
280.59 	 1.007
280.71 	 0.986886
280.83 	 0.99335
280.95 	 0.998627
281.07 	 0.96857
281.19 	 0.9721
281.32 	 0.98141
281.44 	 0.9705
281.56 	 0.98836
281.68 	 0.987407
281.80 	 0.934724
281.92 	 0.961193
282.04 	 1.01094
282.16 	 0.9032
282.28 	 0.87267
282.40 	 0.989015
282.52 	 1.02559
282.64 	 1.006
282.76 	 1.01
282.88 	 0.99074
283.00 	 0.971301
283.12 	 0.98319
283.24 	 0.98011
283.36 	 0.984281
283.48 	 0.99526
283.61 	 0.991
283.73 	 0.9926
283.85 	 0.979195
283.97 	 0.9635
284.09 	 0.9831
284.21 	 0.9893
284.33 	 0.977
284.45 	 0.98204
284.57 	 0.980732
284.69 	 0.9784
284.81 	 0.9886
284.93 	 0.98568
285.05 	 0.977734
285.17 	 0.977854
285.29 	 0.9752
285.41 	 0.970003
285.53 	 0.962425
285.65 	 0.97102
285.77 	 0.9958
285.90 	 0.9906
286.02 	 0.972994
286.14 	 0.9828
286.26 	 0.986981
286.38 	 0.975202
286.50 	 0.969109
286.62 	 0.96489
286.74 	 0.97844
286.86 	 1.00094
286.98 	 0.9911
287.10 	 0.9749
287.22 	 0.9888
287.34 	 0.9984
287.46 	 0.98794
287.58 	 0.995822
287.70 	 1.019
287.82 	 1.014
287.94 	 0.9931
288.06 	 0.983757
288.19 	 0.978024
288.31 	 0.9799
288.43 	 0.988294
288.55 	 0.986073
288.67 	 0.9981
288.79 	 0.998428
288.91 	 0.96214
289.03 	 0.9756
289.15 	 1.01616
289.27 	 0.9617
289.39 	 0.877844
289.51 	 0.94469
289.63 	 1.02016
289.75 	 1.013
289.87 	 0.994287
289.99 	 1.0178
290.11 	 1.011
290.23 	 0.973248
290.36 	 0.97791
290.48 	 1.001
290.60 	 1.00122
290.72 	 1.003
290.84 	 1.00707
290.96 	 1.0043
291.08 	 1.007
291.20 	 0.9958
291.32 	 0.9858
291.44 	 0.99023
291.56 	 0.97984
291.68 	 0.97221
291.80 	 0.98686
291.92 	 0.98462
292.04 	 0.974
292.16 	 0.98471
292.28 	 0.98886
292.40 	 0.980579
292.52 	 0.9878
292.65 	 0.99724
292.77 	 0.9874
292.89 	 0.980555
293.01 	 0.9939
293.13 	 1.0052
293.25 	 0.995225
293.37 	 0.9779
293.49 	 0.96692
293.61 	 0.964134
293.73 	 0.96765
293.85 	 0.975764
293.97 	 0.985046
294.09 	 0.99823
294.21 	 1.02075
294.33 	 1.0219
294.45 	 0.984
294.57 	 0.977514
294.69 	 1.0168
294.81 	 1.0133
294.94 	 0.978214
295.06 	 0.962155
295.18 	 0.955766
295.30 	 0.9796
295.42 	 1.0079
295.54 	 1.00031
295.66 	 1.0144
295.78 	 1.022
295.90 	 0.997266
296.02 	 1.02161
296.14 	 1.0306
296.26 	 0.9779
296.38 	 0.975093
296.50 	 0.99248
296.62 	 0.99832
296.74 	 1.053
296.86 	 1.06564
296.98 	 1.005
297.10 	 0.957996
297.23 	 0.9139
297.35 	 0.914904
297.47 	 0.94206
297.59 	 0.88875
297.71 	 0.868602
297.83 	 0.921993
297.95 	 0.9188
298.07 	 0.9585
298.19 	 1.0048
298.31 	 0.96996
298.43 	 1.02262
298.55 	 1.0936
298.67 	 1.0294
298.79 	 0.9969
298.91 	 1.01
299.03 	 0.975213
299.15 	 0.990585
299.27 	 1.004
299.39 	 0.94727
299.52 	 0.9559
299.64 	 0.9649
299.76 	 0.9149
299.88 	 0.938279
300.00 	 0.9902
300.12 	 0.98969
300.24 	 0.986539
300.36 	 0.9639
300.48 	 0.93891
300.60 	 0.97802
300.72 	 1.00858
300.84 	 0.9794
300.96 	 0.96092
301.08 	 0.9952
301.20 	 1.016
301.32 	 0.972807
301.44 	 0.94737
301.56 	 0.988697
301.68 	 0.979873
301.81 	 0.886201
301.93 	 0.88566
302.05 	 0.95493
302.17 	 0.945764
302.29 	 0.90448
302.41 	 0.898513
302.53 	 0.9105
302.65 	 0.95732
302.77 	 0.9775
302.89 	 0.84425
303.01 	 0.72686
303.13 	 0.8394
303.25 	 0.9068
303.37 	 0.8608
303.49 	 0.8413
303.61 	 0.8993
303.73 	 0.9442
303.85 	 0.92464
303.97 	 0.9011
304.10 	 0.9283
304.22 	 0.9186
304.34 	 0.9103
304.46 	 1.0109
304.58 	 1.04087
304.70 	 0.9694
304.82 	 0.98016
304.94 	 1.00953
305.06 	 0.96378
305.18 	 0.92166
305.30 	 0.892684
305.42 	 0.894601
305.54 	 0.937441
305.66 	 0.93958
305.78 	 0.97869
305.90 	 1.03518
306.02 	 1.01115
306.14 	 1.0063
306.26 	 1.052
306.39 	 1.01837
306.51 	 0.982908
306.63 	 1.00688
306.75 	 0.9894
306.87 	 0.971388
306.99 	 0.9965
307.11 	 0.99409
307.23 	 0.9861
307.35 	 1.0243
307.47 	 1.056
307.59 	 1.00998
307.71 	 0.956824
307.83 	 0.99398
307.95 	 1.019
308.07 	 0.965093
308.19 	 0.92197
308.31 	 0.931609
308.43 	 0.9884
308.55 	 1.02529
308.68 	 0.9852
308.80 	 0.99349
308.92 	 1.043
309.04 	 1.0079
309.16 	 1.001
309.28 	 1.0303
309.40 	 0.9624
309.52 	 0.954817
309.64 	 1.065
309.76 	 1.077
309.88 	 0.99546
310.00 	 0.97319
310.12 	 1.0393
310.24 	 1.071
310.36 	 1.0035
310.48 	 0.943342
310.60 	 0.9228
310.72 	 0.916554
310.84 	 0.998588
310.97 	 1.04133
311.09 	 0.98
311.21 	 1.012
311.33 	 1.0489
311.45 	 0.97159
311.57 	 0.9661
311.69 	 0.98574
311.81 	 0.95671
311.93 	 1.00189
312.05 	 0.99102
312.17 	 0.9381
312.29 	 1.00003
312.41 	 0.97835
312.53 	 0.9144
312.65 	 0.98767
312.77 	 0.9627
312.89 	 0.884355
313.01 	 0.948079
313.14 	 0.9573
313.26 	 0.9375
313.38 	 0.97745
313.50 	 0.97991
313.62 	 1.0326
313.74 	 1.059
313.86 	 0.9384
313.98 	 0.905
314.10 	 0.978758
314.22 	 0.94781
314.34 	 0.92492
314.46 	 0.9312
314.58 	 0.887158
314.70 	 0.8986
314.82 	 0.9362
314.94 	 0.9177
315.06 	 0.9225
315.18 	 0.9908
315.30 	 1.04365
315.43 	 1.01838
315.55 	 0.976352
315.67 	 0.9987
315.79 	 0.969927
315.91 	 0.92652
316.03 	 0.9799
316.15 	 0.9587
316.27 	 0.871007
316.39 	 0.937695
316.51 	 1.02347
316.63 	 1.0131
316.75 	 0.96809
316.87 	 0.903309
316.99 	 0.89944
317.11 	 0.930665
317.23 	 0.914522
317.35 	 1.0012
317.47 	 1.109
317.59 	 1.013
317.72 	 0.8702
317.84 	 0.89402
317.96 	 0.920776
318.08 	 0.9219
318.20 	 0.935012
318.32 	 0.921098
318.44 	 0.9345
318.56 	 0.9327
318.68 	 0.85506
318.80 	 0.8315
318.92 	 0.867894
319.04 	 0.8784
319.16 	 0.905426
319.28 	 0.91526
319.40 	 0.887405
319.52 	 0.8884
319.64 	 0.86919
319.76 	 0.8195
319.88 	 0.835489
320.01 	 0.8545
320.13 	 0.8212
320.25 	 0.81115
320.37 	 0.80896
320.49 	 0.7849
320.61 	 0.789341
320.73 	 0.813837
320.85 	 0.837301
320.97 	 0.870016
321.09 	 0.8989
321.21 	 0.92168
321.33 	 0.929382
321.45 	 0.92708
321.57 	 0.9755
321.69 	 1.038
321.81 	 1.02994
321.93 	 0.98696
322.05 	 0.973789
322.17 	 0.97795
322.30 	 0.98342
322.42 	 0.98491
322.54 	 0.9867
322.66 	 1.00896
322.78 	 1.0218
322.90 	 0.98585
323.02 	 0.93781
323.14 	 0.95022
323.26 	 1.006
323.38 	 1.0038
323.50 	 0.9279
323.62 	 0.909182
323.74 	 0.9433
323.86 	 0.912478
323.98 	 0.921426
324.10 	 0.98077
324.22 	 0.96767
324.34 	 0.9106
324.46 	 0.9162
324.59 	 0.9328
324.71 	 0.9076
324.83 	 0.8903
324.95 	 0.8986
325.07 	 0.909
325.19 	 0.9154
325.31 	 0.9089
325.43 	 0.8817
325.55 	 0.846
325.67 	 0.84413
325.79 	 0.86319
325.91 	 0.837983
326.03 	 0.79387
326.15 	 0.79177
326.27 	 0.801213
326.39 	 0.805419
326.51 	 0.813327
326.63 	 0.7987
326.75 	 0.7784
326.88 	 0.7806
327.00 	 0.7829
327.12 	 0.8133
327.24 	 0.8505
327.36 	 0.8279
327.48 	 0.786869
327.60 	 0.82551
327.72 	 0.90972
327.84 	 0.9513
327.96 	 0.9385
328.08 	 0.9187
328.20 	 0.971573
328.32 	 1.0086
328.44 	 0.974011
328.56 	 0.9445
328.68 	 0.954775
328.80 	 0.96053
328.92 	 0.97649
329.04 	 1.0097
329.17 	 1.00635
329.29 	 0.96575
329.41 	 0.95087
329.53 	 0.9781
329.65 	 0.99969
329.77 	 0.98249
329.89 	 0.955335
330.01 	 0.9647
330.13 	 0.99218
330.25 	 0.98342
330.37 	 0.9507
330.49 	 0.95186
330.61 	 0.980133
330.73 	 0.99089
330.85 	 0.98556
330.97 	 0.98154
331.09 	 0.98329
331.21 	 1.0
331.33 	 1.01926
331.46 	 1.02
331.58 	 0.996899
331.70 	 0.96936
331.82 	 0.9753
331.94 	 1.00675
332.06 	 1.01089
332.18 	 0.989973
332.30 	 0.989048
332.42 	 1.00214
332.54 	 1.006
332.66 	 0.99761
332.78 	 0.9865
332.90 	 0.98237
333.02 	 0.98675
333.14 	 0.9879
333.26 	 0.98132
333.38 	 0.9799
333.50 	 0.9842
333.63 	 0.977109
333.75 	 0.9749
333.87 	 0.987761
333.99 	 0.983063
334.11 	 0.97406
334.23 	 0.99309
334.35 	 1.0009
334.47 	 0.982084
334.59 	 0.9729
334.71 	 0.9929
334.83 	 1.019
334.95 	 1.0015
335.07 	 0.94724
335.19 	 0.956125
335.31 	 1.00274
335.43 	 0.991512
335.55 	 0.97428
335.67 	 0.980961
335.79 	 0.9798
335.92 	 0.98508
336.04 	 0.997909
336.16 	 0.98833
336.28 	 0.96695
336.40 	 0.95142
336.52 	 0.96398
336.64 	 0.98904
336.76 	 0.9868
336.88 	 0.989985
337.00 	 1.001
337.12 	 0.98269
337.24 	 0.976807
337.36 	 0.99324
337.48 	 0.9845
337.60 	 0.9728
337.72 	 0.9732
337.84 	 0.97073
337.96 	 0.97297
338.08 	 0.97037
338.21 	 0.96807
338.33 	 0.978028
338.45 	 0.9777
338.57 	 0.9784
338.69 	 0.991131
338.81 	 0.9923
338.93 	 0.9975
339.05 	 1.0239
339.17 	 1.041
339.29 	 1.034
339.41 	 1.0227
339.53 	 1.024
339.65 	 1.02
339.77 	 1.0115
339.89 	 1.022
340.01 	 1.02
340.13 	 1.0186
340.25 	 1.05
340.37 	 1.04
340.50 	 0.98987
340.62 	 1.019
340.74 	 1.06551
340.86 	 1.055
340.98 	 1.0437
341.10 	 1.02442
341.22 	 1.00999
341.34 	 1.03964
341.46 	 1.0466
341.58 	 1.025
341.70 	 1.02192
341.82 	 1.0174
341.94 	 1.0201
342.06 	 1.023
342.18 	 1.0067
342.30 	 1.005
342.42 	 1.004
342.54 	 0.9976
342.66 	 1.0229
342.79 	 1.037
342.91 	 1.0271
343.03 	 1.016
343.15 	 0.971849
343.27 	 0.96237
343.39 	 1.00587
343.51 	 0.9959
343.63 	 0.97659
343.75 	 1.009
343.87 	 1.015
343.99 	 0.99836
344.11 	 0.99978
344.23 	 0.99594
344.35 	 0.9968
344.47 	 1.0012
344.59 	 0.991
344.71 	 0.991029
344.83 	 0.997
344.95 	 0.98828
345.08 	 0.9836
345.20 	 0.991961
345.32 	 1.003
345.44 	 1.003
345.56 	 1.005
345.68 	 1.0155
345.80 	 1.003
345.92 	 0.9854
346.04 	 1.00216
346.16 	 1.014
346.28 	 1.0142
346.40 	 1.0212
346.52 	 1.004
346.64 	 0.992635
346.76 	 1.009
346.88 	 1.00924
347.00 	 1.0126
347.12 	 1.02418
347.24 	 1.016
347.37 	 1.0282
347.49 	 1.03469
347.61 	 1.0092
347.73 	 1.02
347.85 	 1.0268
347.97 	 1.00086
348.09 	 1.031
348.21 	 1.05792
348.33 	 1.01613
348.45 	 1.003
348.57 	 1.01895
348.69 	 1.0162
348.81 	 1.0279
348.93 	 1.028
349.05 	 1.006
349.17 	 1.0054
349.29 	 1.0189
349.41 	 1.042
349.53 	 1.045
349.66 	 0.9737
349.78 	 0.9492
349.90 	 1.015
350.02 	 1.029
350.14 	 1.00803
350.26 	 1.005
350.38 	 0.990931
350.50 	 0.9912
350.62 	 1.0146
350.74 	 1.011
350.86 	 1.0051
350.98 	 1.0037
351.10 	 0.98325
351.22 	 0.9944
351.34 	 1.02491
351.46 	 1.0228
351.58 	 1.00387
351.70 	 0.9729
351.82 	 0.96342
351.95 	 0.9993
352.07 	 1.012
352.19 	 1.00125
352.31 	 1.00266
352.43 	 0.9978
352.55 	 0.9896
352.67 	 0.97338
352.79 	 0.93626
352.91 	 0.948405
353.03 	 0.97072
353.15 	 0.9107
353.27 	 0.8712
353.39 	 0.899736
353.51 	 0.9004
353.63 	 0.967339
353.75 	 1.0614
353.87 	 0.9875
353.99 	 0.873271
354.12 	 0.943421
354.24 	 0.96052
354.36 	 0.829389
354.48 	 0.8227
354.60 	 0.9354
354.72 	 0.981092
354.84 	 0.9676
354.96 	 0.930822
355.08 	 0.894374
355.20 	 0.893649
355.32 	 0.8816
355.44 	 0.8484
355.56 	 0.8228
355.68 	 0.78602
355.80 	 0.78159
355.92 	 0.831795
356.04 	 0.8487
356.16 	 0.843488
356.28 	 0.84152
356.41 	 0.7953
356.53 	 0.757839
356.65 	 0.7789
356.77 	 0.7833
356.89 	 0.7822
357.01 	 0.81055
357.13 	 0.808
357.25 	 0.7698
357.37 	 0.7675
357.49 	 0.7819
357.61 	 0.7873
357.73 	 0.806469
357.85 	 0.8245
357.97 	 0.79373
358.09 	 0.7772
358.21 	 0.819938
358.33 	 0.835668
358.45 	 0.830563
358.57 	 0.88346
358.70 	 0.91287
358.82 	 0.895472
358.94 	 0.8984
359.06 	 0.9099
359.18 	 0.91326
359.30 	 0.930832
359.42 	 0.9395
359.54 	 0.93778
359.66 	 0.9394
359.78 	 0.93654
359.90 	 0.95102
360.02 	 0.962574
360.14 	 0.945378
360.26 	 0.94163
360.38 	 0.94931
360.50 	 0.93827
360.62 	 0.92941
360.74 	 0.922924
360.86 	 0.9183
360.99 	 0.9378
361.11 	 0.9518
361.23 	 0.941
361.35 	 0.918171
361.47 	 0.90614
361.59 	 0.93029
361.71 	 0.9436
361.83 	 0.9149
361.95 	 0.902923
362.07 	 0.916023
362.19 	 0.918335
362.31 	 0.91582
362.43 	 0.9129
362.55 	 0.9185
362.67 	 0.9252
362.79 	 0.92218
362.91 	 0.9318
363.03 	 0.9438
363.15 	 0.936227
363.28 	 0.9315
363.40 	 0.91922
363.52 	 0.90624
363.64 	 0.9263
363.76 	 0.9333
363.88 	 0.9115
364.00 	 0.911408
364.12 	 0.9138
364.24 	 0.90189
364.36 	 0.90724
364.48 	 0.91304
364.60 	 0.9019
364.72 	 0.881558
364.84 	 0.876339
364.96 	 0.90185
365.08 	 0.9133
365.20 	 0.887903
365.32 	 0.868398
365.44 	 0.85698
365.57 	 0.84654
365.69 	 0.8425
365.81 	 0.8406
365.93 	 0.851
366.05 	 0.8617
366.17 	 0.85668
366.29 	 0.85635
366.41 	 0.861657
366.53 	 0.87435
366.65 	 0.884235
366.77 	 0.86775
366.89 	 0.87581
367.01 	 0.9125
367.13 	 0.8925
367.25 	 0.857288
367.37 	 0.8789
367.49 	 0.9007
367.61 	 0.908262
367.73 	 0.91461
367.86 	 0.892257
367.98 	 0.8653
368.10 	 0.85698
368.22 	 0.859775
368.34 	 0.8673
368.46 	 0.866602
368.58 	 0.88829
368.70 	 0.9225
368.82 	 0.899084
368.94 	 0.86591
369.06 	 0.88069
369.18 	 0.8822
369.30 	 0.8825
369.42 	 0.9084
369.54 	 0.916477
369.66 	 0.91529
369.78 	 0.91398
369.90 	 0.89044
370.02 	 0.886
370.15 	 0.907196
370.27 	 0.89586
370.39 	 0.886605
370.51 	 0.91655
370.63 	 0.9275
370.75 	 0.915
370.87 	 0.92487
370.99 	 0.93706
371.11 	 0.9261
371.23 	 0.9077
371.35 	 0.896
371.47 	 0.9042
371.59 	 0.912521
371.71 	 0.894127
371.83 	 0.888806
371.95 	 0.90252
372.07 	 0.89728
372.19 	 0.9074
372.31 	 0.929015
372.44 	 0.9067
372.56 	 0.8908
372.68 	 0.9273
372.80 	 0.945507
372.92 	 0.92837
373.04 	 0.924361
373.16 	 0.9456
373.28 	 0.95927
373.40 	 0.954086
373.52 	 0.967485
373.64 	 1.0
373.76 	 1.01403
373.88 	 1.0015
374.00 	 0.9684
374.12 	 0.96506
374.24 	 1.0022
374.36 	 0.9792
374.48 	 0.926059
374.60 	 0.983891
374.73 	 1.0219
374.85 	 0.97394
374.97 	 0.96241
375.09 	 0.988623
375.21 	 0.9725
375.33 	 0.964677
375.45 	 0.985303
375.57 	 1.0014
375.69 	 1.003
375.81 	 0.996231
375.93 	 1.011
376.05 	 1.009
376.17 	 0.9751
376.29 	 0.971168
376.41 	 0.980563
376.53 	 0.97584
376.65 	 0.98675
376.77 	 1.004
376.90 	 1.034
377.02 	 1.04971
377.14 	 1.0051
377.26 	 0.96649
377.38 	 0.9614
377.50 	 0.9481
377.62 	 0.9617
377.74 	 0.976629
377.86 	 0.96547
377.98 	 0.958848
378.10 	 0.94042
378.22 	 0.9403
378.34 	 0.979057
378.46 	 0.98906
378.58 	 0.99379
378.70 	 1.00793
378.82 	 0.97508
378.94 	 0.9512
379.06 	 0.978045
379.19 	 1.00242
379.31 	 0.990438
379.43 	 0.948989
379.55 	 0.9633
379.67 	 1.00598
379.79 	 0.99053
379.91 	 0.98279
380.03 	 0.9763
380.15 	 0.8991
380.27 	 0.8762
380.39 	 0.9137
380.51 	 0.9304
380.63 	 0.941898
380.75 	 0.893943
380.87 	 0.863434
380.99 	 0.96368
381.11 	 1.00343
381.23 	 0.9157
381.35 	 0.8527
381.48 	 0.9245
381.60 	 1.06317
381.72 	 1.05256
381.84 	 0.9621
381.96 	 1.0279
382.08 	 1.0421
382.20 	 0.871
382.32 	 0.69349
382.44 	 0.6307
382.56 	 0.70763
382.68 	 0.777277
382.80 	 0.725349
382.92 	 0.684682
383.04 	 0.6128
383.16 	 0.604307
383.28 	 0.8286
383.40 	 0.73707
383.52 	 0.280526
383.64 	 0.65338
383.77 	 0.8307
383.89 	 0.54502
384.01 	 0.948526
384.13 	 1.365
384.25 	 1.036
384.37 	 0.524812
384.49 	 0.9605
384.61 	 1.215
384.73 	 1.078
384.85 	 0.86215
384.97 	 0.712446
385.09 	 0.6549
385.21 	 0.551349
385.33 	 0.55784
385.45 	 0.814964
385.57 	 0.8894
385.69 	 0.8149
385.81 	 0.94577
385.93 	 1.0019
386.06 	 0.89077
386.18 	 0.83436
386.30 	 0.87744
386.42 	 0.9654
386.54 	 1.0048
386.66 	 0.965817
386.78 	 0.956301
386.90 	 0.95075
387.02 	 0.921365
387.14 	 0.944197
387.26 	 0.951895
387.38 	 0.94652
387.50 	 0.9821
387.62 	 0.99077
387.74 	 0.9797
387.86 	 0.97972
387.98 	 0.9715
388.10 	 0.978542
388.22 	 0.9789
388.35 	 0.9581
388.47 	 0.964887
388.59 	 0.97596
388.71 	 0.984
388.83 	 0.996027
388.95 	 0.9795
389.07 	 0.9828
389.19 	 1.01004
389.31 	 0.995726
389.43 	 0.986719
389.55 	 0.992678
389.67 	 0.97109
389.79 	 0.98143
389.91 	 1.01
390.03 	 1.004
390.15 	 0.99928
390.27 	 0.99239
390.39 	 0.98362
390.51 	 0.9872
390.64 	 0.98306
390.76 	 0.9946
390.88 	 1.002
391.00 	 0.9777
391.12 	 0.993675
391.24 	 1.02306
391.36 	 0.9976
391.48 	 0.972587
391.60 	 0.97982
391.72 	 0.997985
391.84 	 1.0018
391.96 	 0.9721
392.08 	 0.9868
392.20 	 1.0309
392.32 	 1.00994
392.44 	 0.974164
392.56 	 0.9623
392.68 	 0.964169
392.80 	 1.00699
392.93 	 1.0116
393.05 	 0.98073
393.17 	 1.005
393.29 	 1.00479
393.41 	 0.9802
393.53 	 1.0215
393.65 	 1.021
393.77 	 0.97562
393.89 	 0.9931
394.01 	 1.0027
394.13 	 0.958539
394.25 	 0.96399
394.37 	 0.9935
394.49 	 0.9833
394.61 	 0.9538
394.73 	 0.948574
394.85 	 0.954473
394.97 	 0.95145
395.09 	 0.9704
395.22 	 0.973491
395.34 	 0.9503
395.46 	 0.97868
395.58 	 1.0022
395.70 	 0.967429
395.82 	 0.9595
395.94 	 0.9725
396.06 	 0.963541
396.18 	 0.976828
396.30 	 0.969856
396.42 	 0.9364
396.54 	 0.94478
396.66 	 0.9462
396.78 	 0.9198
396.90 	 0.9242
397.02 	 0.951449
397.14 	 0.95422
397.26 	 0.933684
397.39 	 0.952758
397.51 	 0.97323
397.63 	 0.916654
397.75 	 0.8733
397.87 	 0.909
397.99 	 0.9333
398.11 	 0.92565
398.23 	 0.926495
398.35 	 0.94144
398.47 	 0.9549
398.59 	 0.94781
398.71 	 0.9414
398.83 	 0.9427
398.95 	 0.9181
399.07 	 0.931169
399.19 	 0.971153
399.31 	 0.9596
399.43 	 0.9574
399.55 	 0.977
399.68 	 0.94905
399.80 	 0.9413
399.92 	 0.962435
400.04 	 0.94612
400.16 	 0.945016
400.28 	 0.9555
400.40 	 0.942202
400.52 	 0.9355
400.64 	 0.9105
400.76 	 0.8961
400.88 	 0.934279
401.00 	 0.94559
401.12 	 0.939176
401.24 	 0.953532
401.36 	 0.9331
401.48 	 0.918
401.60 	 0.9548
401.72 	 0.96739
401.84 	 0.94314
401.97 	 0.9404
402.09 	 0.960741
402.21 	 0.962968
402.33 	 0.9445
402.45 	 0.9543
402.57 	 0.9727
402.69 	 0.955286
402.81 	 0.9349
402.93 	 0.935521
403.05 	 0.950927
403.17 	 0.978
403.29 	 0.968301
403.41 	 0.9378
403.53 	 0.954644
403.65 	 0.9779
403.77 	 0.970176
403.89 	 0.971654
404.01 	 0.9897
404.13 	 0.9939
404.26 	 0.969315
404.38 	 0.956418
404.50 	 0.9854
404.62 	 0.99166
404.74 	 0.97076
404.86 	 0.97996
404.98 	 0.987
405.10 	 0.9784
405.22 	 0.9858
405.34 	 0.988824
405.46 	 0.981
405.58 	 0.97214
405.70 	 0.9752
405.82 	 1.00297
405.94 	 1.01084
406.06 	 0.9859
406.18 	 0.986604
406.30 	 1.00563
406.42 	 1.0125
406.55 	 1.005
406.67 	 0.9864
406.79 	 0.9894
406.91 	 1.001
407.03 	 0.98257
407.15 	 0.97654
407.27 	 0.9903
407.39 	 0.9875
407.51 	 0.9904
407.63 	 0.9977
407.75 	 0.98171
407.87 	 0.9634
407.99 	 0.95828
408.11 	 0.974573
408.23 	 0.982039
408.35 	 0.96279
408.47 	 0.962811
408.59 	 0.9714
408.71 	 0.9602
408.84 	 0.97032
408.96 	 0.98641
409.08 	 0.9748
409.20 	 0.9729
409.32 	 0.978506
409.44 	 0.9833
409.56 	 0.983015
409.68 	 0.96102
409.80 	 0.95569
409.92 	 0.9702
410.04 	 0.967804
410.16 	 0.974595
410.28 	 0.96957
410.40 	 0.9385
410.52 	 0.952926
410.64 	 0.982703
410.76 	 0.9781
410.88 	 0.972716
411.00 	 0.962848
411.13 	 0.97506
411.25 	 1.0196
411.37 	 1.02
411.49 	 0.990684
411.61 	 0.99078
411.73 	 0.98597
411.85 	 0.97869
411.97 	 0.9915
412.09 	 0.995275
412.21 	 0.9883
412.33 	 0.99183
412.45 	 1.0032
412.57 	 1.0033
412.69 	 0.9934
412.81 	 1.0005
412.93 	 1.003
413.05 	 0.998693
413.17 	 1.021
413.29 	 1.0123
413.42 	 0.94505
413.54 	 0.915439
413.66 	 0.93905
413.78 	 0.9813
413.90 	 1.026
414.02 	 1.02773
414.14 	 1.00394
414.26 	 0.999552
414.38 	 1.002
414.50 	 1.017
414.62 	 1.02726
414.74 	 1.015
414.86 	 1.01786
414.98 	 1.02341
415.10 	 1.0003
415.22 	 0.9731
415.34 	 0.966408
415.46 	 0.9926
415.58 	 1.005
415.71 	 0.974772
415.83 	 0.97555
415.95 	 0.9929
416.07 	 0.9912
416.19 	 1.006
416.31 	 0.9797
416.43 	 0.9372
416.55 	 0.9829
416.67 	 0.9933
416.79 	 0.954775
416.91 	 1.02092
417.03 	 1.07
417.15 	 1.01623
417.27 	 0.98543
417.39 	 1.009
417.51 	 1.01
417.63 	 0.977842
417.75 	 0.961687
417.87 	 0.99825
418.00 	 1.019
418.12 	 1.0237
418.24 	 1.0409
418.36 	 1.0053
418.48 	 0.960437
418.60 	 1.01691
418.72 	 1.04099
418.84 	 1.00234
418.96 	 0.984423
419.08 	 0.9598
419.20 	 0.9514
419.32 	 0.977662
419.44 	 0.989879
419.56 	 1.02
419.68 	 1.035
419.80 	 0.97676
419.92 	 0.97507
420.04 	 1.0186
420.17 	 1.0067
420.29 	 1.00267
420.41 	 0.9933
420.53 	 0.954
420.65 	 0.967052
420.77 	 0.981344
420.89 	 0.93818
421.01 	 0.92062
421.13 	 0.9404
421.25 	 0.9566
421.37 	 0.9849
421.49 	 1.0012
421.61 	 0.9845
421.73 	 0.98612
421.85 	 1.0193
421.97 	 1.03283
422.09 	 1.015
422.21 	 1.0007
422.33 	 0.983117
422.46 	 0.956988
422.58 	 0.9644
422.70 	 0.99457
422.82 	 1.006
422.94 	 0.99268
423.06 	 0.961856
423.18 	 0.9413
423.30 	 0.95404
423.42 	 0.96538
423.54 	 0.97868
423.66 	 0.9926
423.78 	 0.97652
423.90 	 0.96877
424.02 	 0.983325
424.14 	 0.96275
424.26 	 0.953661
424.38 	 0.98628
424.50 	 0.982
424.62 	 0.9667
424.75 	 0.9913
424.87 	 0.99826
424.99 	 0.999725
425.11 	 1.004
425.23 	 0.9515
425.35 	 0.91007
425.47 	 0.9498
425.59 	 0.9535
425.71 	 0.92255
425.83 	 0.95024
425.95 	 0.9692
426.07 	 0.954
426.19 	 0.972
426.31 	 0.983369
426.43 	 0.95673
426.55 	 0.9548
426.67 	 0.974885
426.79 	 0.977914
426.91 	 0.97703
427.04 	 0.9912
427.16 	 1.0
427.28 	 0.97637
427.40 	 0.969663
427.52 	 1.0023
427.64 	 0.993322
427.76 	 0.947776
427.88 	 0.9523
428.00 	 0.98054
428.12 	 0.9997
428.24 	 1.0091
428.36 	 0.97689
428.48 	 0.935049
428.60 	 0.944007
428.72 	 0.96073
428.84 	 0.939803
428.96 	 0.90541
429.08 	 0.900385
429.20 	 0.938114
429.33 	 0.96947
429.45 	 0.95204
429.57 	 0.889261
429.69 	 0.857316
429.81 	 0.8908
429.93 	 0.89715
430.05 	 0.8853
430.17 	 0.939532
430.29 	 0.9868
430.41 	 0.99492
430.53 	 1.02256
430.65 	 1.018
430.77 	 0.9719
430.89 	 0.9438
431.01 	 0.92212
431.13 	 0.9223
431.25 	 0.9421
431.37 	 0.94201
431.49 	 0.960401
431.62 	 0.9666
431.74 	 0.954248
431.86 	 0.999008
431.98 	 1.001
432.10 	 0.917779
432.22 	 0.925
432.34 	 0.98579
432.46 	 0.9598
432.58 	 0.9303
432.70 	 0.9838
432.82 	 1.048
432.94 	 1.0229
433.06 	 0.96351
433.18 	 0.97341
433.30 	 0.9543
433.42 	 0.905548
433.54 	 0.9419
433.66 	 0.9103
433.78 	 0.82702
433.91 	 0.87445
434.03 	 0.87708
434.15 	 0.85306
434.27 	 0.9338
434.39 	 0.9131
434.51 	 0.8761
434.63 	 0.976519
434.75 	 0.976907
434.87 	 0.9337
434.99 	 1.024
435.11 	 1.0196
435.23 	 0.914192
435.35 	 0.90221
435.47 	 0.8934
435.59 	 0.8474
435.71 	 0.90674
435.83 	 0.9669
435.95 	 0.889197
436.07 	 0.842
436.20 	 0.967858
436.32 	 1.034
436.44 	 0.96357
436.56 	 0.916057
436.68 	 0.91327
436.80 	 0.901319
436.92 	 0.8588
437.04 	 0.815761
437.16 	 0.89301
437.28 	 0.9497
437.40 	 0.89238
437.52 	 0.947712
437.64 	 0.999093
437.76 	 0.87775
437.88 	 0.9099
438.00 	 1.02446
438.12 	 0.9244
438.24 	 0.8557
438.36 	 1.012
438.49 	 1.1223
438.61 	 1.0415
438.73 	 0.85827
438.85 	 0.87029
438.97 	 0.99434
439.09 	 0.98978
439.21 	 1.0297
439.33 	 1.06181
439.45 	 0.9207
439.57 	 0.88492
439.69 	 0.977819
439.81 	 0.99395
439.93 	 1.0425
